3
1026
3531
11
13
1
1
25
1
1
2
1
22
660
1
5
9363
1
5
12
3
1
2
1
15
1
7
9
2
47
1
1
2
1167
1
3
52
1
1
20
4
2
134
2
1
1
1948
1
5
1
11
4
8
1
300
1
37
1
1
9
1
2
1
1
166
2
1
4
2
5
1
5
1
104
15
1
12
4
1
26
4
9
1
1
304
2
10
2
1
3
1
7
45
1
1
1
1
81
7
1
7
1
2
4
1
1
3
1
1
3
19
7
1
13
37
16
2
3
2
10
1
1
1
7
5
4
1
1
1
1
175
36
12
1
8
1
18
12
1
34
267
1
1
1
1
1
61
1
1
5
1
2
1
2
3
6
3
1
1
4
54
175
5
22
38
1
1
1
1
1
1
1
3
1
4
42
50
1
1
10
2
2
1
1
2
2
113
4
1
3
1
35
1
1
2
1
1
1
2152
11
2
1
30
5
193
1
5
23
3
2
1
16
1
3
4881
2
1
1
1
2
2
4
17
1012
3
19183
1
1
1
5
1
4
1
248
578
19
296
45
1
1
3
2
1
6
4
2644
1
1
5
1
1
12
49
1
1
17
1
1
1
1
26
5
6
1
4
2
4
1
3
302
35
14
1
158
2
123
7
13
5
2
6
1
12
4
2
1
1
17
5
1
1
1
23
19
5
47
1
7
1
3
155
1
1
41
2
4
1
1
4
2
2
5
1
1
1
1
13
6
11
67
4
1
1
1
1
1
5
1
1
4
18
1
275
3
158
1
1
811
3
33
2
15818
3528
1
1
2
5
6
3
30
257
1
3
3
1
1
3
1
3
1
2972
1
2
1
71
185
18
109
1
581
1
1
5
18
1
1
3
24
30
2
1
1091
1
6
1
4
2
2
8
18
176
29
1
19
26
11
1
1
1
4
1
1
11
22
5
1
7
12
2
22
21
2262
52
5334
6
1
63
9
14
2
5
13
1
1
2
1
421
1
1
6
4
31
21
86
1
2
1
5
1
1
44
48
268
339
4
1
1
1
1
1
5804
1
1
4
1
1
122
6
12
5
2
2
3
93
2
1
13
3
41
3
10
7
8
1
129
2
2
3
9
1
1
250
48
1
1
85
323
1
1
25
3
31
1
32
52
1
1
2
1
17
1
1
1
121
8
1
1
1
1
2
1
5
1
1
1
1316
2
1
1
2
1
15
7
1
2
1
423
1
2
1
248
5
1
8
340
11
143
13
11
1
14
1
2
1
1
1
6
1
3
2175
2
1
3
15
2
891
5
1
1
7
31
1
3
1
1
1
2
7
2
1
15
1
1
203
1
1
5
8
1
3
533
13
24
4
16
3
2
1
21
73
6
123
42
1
9
1
15
20
1
2
2
1
9
10
1
1
21
2
8
3
1
1
2
2
4
1
1
10
9039
3
8
4
6
50
1
1
13
2
1
1
43
2
14
4
92
2
441
36
6
3
1
17
1
1974
2
1
1
4
135
1
330
3
1
47
228
1
80
3
1
1
1
1
1
2
6
1
1
1
1
1
1
5
851
28
16
1
4
1
108
1
5
1
9
2
1
70
1
8
1
1
1
1
1
3
1
1
1
1
1
72
1
1
2
2
10
3
1
1
2
60
1
37
4
160
1
5
17
49
4
1
1
1
1
1
1
53
1
3
35
10
1
2
531
2
1
10
2
4
2
1
267
8
117
109
2
1
10
29
1
3
1
2
1
9
7
3
1
37
51
274
2
4
1
1
1
73
4485
1
6
4
1
5
16
2
1
6
1
1
2
1
2
14
5456
2
141
12
3
1
1
3
1
11
1
143
1
2
1
1
5
35
1
21
1
92
7
2
1
1
1
1
2
1
1
1
1
1
1
1
4
463
1
1
36
1
1
1
1
2
1
1
1
5
6
2
1
204
4
17
1
45
2
4
2
7
1
4
161216
1
1
1
176
12
1
3
1
1
1
8
964
1
1
5
46
1
1085
1
1
1
95
2
1
1
813
19
1
3
1
320
2
4
161
1
2
2
12
1
1
1
1007
24
3
1
1
9
241
1
1
1
1
359
1
4
1
3
2
1
1
2
12
1
20892
1
1
1
1
1722
274
331
2
5
3
11008
3
4
1
1
1
4316
36
14
5
6
9
2
9
10
3
21
11
1
1
2
4
2
6
247
1
3032
3
98
8
3
5
1
1
3
1
1
2
11
39
60
224
5
1
1
1
876
15
4
23
1
1
2
32
1
28
3
10
1
7
1
1
1
28
14
1
6
8
47
84
7
2735
6
4034
1
3096
5
14
2
1
1
5
1
1
1095
5
18
92
40
1
5
1
114
8
1
1
3
5
14
9
1
22
1
7
26
1
12
4
1
1
2
1
13
5
1
2
15
4
25
1
180
1
1
1
1
1
1
6
1
1
6
1
14
1
3
22
3
15
1
1
1
46
1
2
3
2
1
48
3
10
24
1043
172
1
4
43
1
120
334
2
1
1
1
4
17
1
1
5
1
24
1
105
116
13
7
1
1
19
3
2
1
712
1
31
40
12
4
7
44
1
1406
10
3
1
1
13
1
39
54
1
1
6
1
1
1
11
53
68
51
1
11
1
1
1
1
38
14
1
210
1
1
6
1
201
9
1
11
1
26
1
1
1
5
2
8
3
1
16
1
82
1
3
15
25
1
83
92
4
8
1
1
27
1
1
1
1
163
1
1
11
4
6
1
1
10
2
1
1
22
2
1
1
1
81
1
1
82
11534
2
1
1
1
12
1
1
1
153
1
1
1
18
1
10
3
6
2
1
1
4
23
3
4
1
1
1
5
1
1
7
3
1
23
2
1
2
1
7
4
3
14
10
10
1
6335
1
4
20
2
1
8
21
151
35
21
13
3
103
31
11
1
5
1
1
1
1
64
1
3
9
22
6
1
1
1
1
1
1
1
18
1
1
278
602
5
3
15
376
1
13
1
1
63
4
5
1
1
1
138
16
1
1
4
1
145
1
1
67
5
1
494
8
7
2961
1
1
2
9
3
3
1
1
8
1
73
1
2
2
1
11
1
1
1
1
5
1
15
1
2
453
104
1
3
1
1
32
1
38867
26
1
48
4
2
3
4652
45
1
45
1
2
6
52
1
170
27
30
31
1
10
1
16
1
15
2
1
5
5
1
1
1
7
12
8
1
1
1
1
57
1
4
3
8
4
2
105
34
1
2
1
44
1
1
1
2
1
2
1
1
27
7
1
1
19
132
2
1
3496
23
1
1
1355
1
1
2
1
2
5
4
1
1
1
1
1
1
1
16
4
5
89
2
11
54
4
85
1543
2
1
1
2
3
134
3
1
1
1
1
2
1
16
116
4
1
1
1
1
1
3
5
1
5
3
3
112
1
804
1
5
1
1
1
1
1
34
5
2
7
14
3
2
1
2
1
2
30
12
6
1
2
271
393
6
74
151
1
1
18841
9
3
1
1
1
1
63
6
1
2
2
1
9
402
1
1
6
1
13
353
2
1194
1
1
5
1
1
1
1
1
1
9
797
1
1
501
1
1
3
1
1
1
1
1
1
2
1
3
1
22
1
2
2
7
517
2
1
1
1
5
1
49
5
1
1
53
1
1
1
2
1
1
1
2
1
4
4
11
3
53
4437
2
4
1
1
41
4
15
22
2
2
7
2
704
1
34
4
8
1210
1
5
1
2
1
2
4
2
1
5
477
113
1
13
2
2
2
15
1
5
24
2
21
3
7
3
11
1
1
10
9
2
2
1
1
1
3
1
725
100
1
2
3
1
3
40
2
1
10
2
1
5
1
1
48
129
1
11
1216
3
42
1
8
24
1
1
1
3
11
2
1
1
1
34
1
8
16
1
7
3
27
5
1
63
1
1
9
20
1
15
3
1
1
1
5
6
1
3
1
4
1
5
2
4
1
1
1
181
84
1
2
1
1
10
1
1
1
21
1
11
1
170
1
1
4
20
1
1
25
15
68
2
382
22
36
1
1
60
103
1
8
2
99
1
1
1
1
1
15
42
2
2
27
3
3
1
7
2
1
62
1
2
6
1
6
9
1
192
2
1
1
184
8
3
4
2
1
84
3
1
1
12
2
3
1
1
6
1
1
2
2691
35
11
3
1
1
1
31
38
32
1
18
114
1
2
18
19464
81
1
1
6
2
16
1
1
2
1
2
128
4
15
55
2
5
1
1
11
2
110
50
1
3
5
2
2
1
5092
9
595
1
3
6
40
13
3143
2
20
1
179
2
2
1
1
68
2
1
4916
12
13
2
1
209
2
7
1
3
1
130
7
1
2
11
1
1
1
20
1
2
24
5
1
1
6
1
4
5
3
6
3
8
1
24
20
1
1
18
7
21
2
1
2
377
8
32
5
1
24
4
2
1
4
9
2
2
27
8
1
22
16
14
9
814
1
11
1
1
687
1
3
7
1
19
4
13
13917
19
5
1
45
3
4
1
31
3
1
1
1
6
1
2
1
1
2
13
1
1
1
1
1
114
171
1
1
4
1
1
2
8
412
2
1
5
1
1
273
1
1
5260
8
1
224758
1
3
1
2
3
17
2
1
73
70
1
2
3
2
2
1
2
2
3
2
1
1
18
1
5
2
1
3
1
1
1
1
9
1
1
1
16
3
91
3
86
2576
4
1
14
1
1
2
15
3
5
1
12
2
205
22
145
1
1
3
1
45
39
5
7
1
30
1
3
2
1
1
2
2
1
7
20
1
3
2
2
1
3
33
1
166
45
3
2
1
20
1
3
1
2
3
1
1
3
1
2
1
1
2
2
1
5
1
2
1
8
1
865
5
4
30
201
313
1
1
1
24
40
2
1
1
1
37
2
2
151
93
24
1
1
2701
1
1
1
7
2
1
1
24
40
19
8
2
1
2
2
1
18
28
1
1
12
1
1
1
1
1
8
14
4
1
1
714
9
3
1
119
35
2
1
7
3
1
1
1
3
1
1
5
123
1
1
3
72
28
5
101
2341
1
2
4
1
30
1
52
1
7
1
2
36
41
1
2
4
1
3
1
46
1
1
4
451
1
1
1136
65
4
27
1
1
14
1
1
3
1
799
7
2
1
6
1
13
6
3
2
2
1
2
115
2
14
1
63
1
1
2
1
1
1
16
2
802
1
54
46
1
1
2
22
9
1
1
3
8
3
1
5
1
49
2
2
1
618
2
1
1
3
1
1
1
2
1
1
2
227
20
1
12
34
1
115
1
43
1
1
8
204
4
1
164
2
1
2
2
2
1
2
1
4
8
1
3
14
1
1
1
2
2
28
1
1
1
1
5
1
4
17
862
2
1
1
1
370
1
2
1
27
51
6
5
1
2
11
1
2
20
4
1
180
108
1
1
1
25
50
1
1
6
1
3
1
37
1
1
1
1
1
4
1
1
90
20
1
3
2
1
1
3
4
1
1
1
1
4
1
2
1
2
2
1
1
1
2
1
1
335
11
2
1
1
158
3
1
1
1
1
13
1
1
4
3
1747
1
5
5
1
4
4
88
139
1
1
168
1
1
1
1
6
1
2
21
6
62
1
1
4
1
1
1
1
193
62
8
307
669
4
1
1
1
11
2
1
4
1
1
1
132
217
1
1
1
1
5
1
3
339
1
4
2
2
3
5
1
26
3
1
39
24
1
1
2
1
1
2
1
1
3
44
2
1
1
3
15
1
1
1
4
6
1
3
1
1
1
82
2
1
110
1
69
1064
38
1
50
105
2
31
1
1
2
1
1
3
1
1784
3
26
13
8
2
1
2
28
1
741
81
2
1
1
5
1
1
2
6
1
15
4
4
1
35
1
2
4
2
1
2
1
4
3
1
3
1
1
1
2
1
352
1
3
3
473
1
2
1
1
1
1
1
1
1
1
3
1
4
15
4
1
1
2
1
1
4867
8
20
2
1
169
1
16
241
1
1
1
2
1
324
1
1
2
10
1
1
246
18
1
68
1
14
478
1
1
1
3
1
1
1
1
106
3
1
1
2
1
6
1
1
1
1
35
1
8
1
128
9
10
1
1
1
27
1
1
1
15
1
1
1
1
206
1
12
34
29
1
158
3
59
5
2
1
8
18
1
232
1
1
1
1
6
1
2
3
20
4
1
196
27
7
8
2
2
497
1
1
1
245
2
405
1
5
2
2
3
1
3
1
1
1
8797
1
2
4167
1
2
1
10
1
1
1
1
1
1
6
3
1
1
2
1
1
1693
2
4
1
5
742
7
2
1
1
1
4
2
3
2
48
1
10
1
13
4
2
1
1
1
10
1
5
45
1
1
21
6
1
1
1
1
1
1
4
5
1
2
6
61
1
3
7
2
2
1
4
5
1
1
7545
3
1341
3
1
2
308
358
4
1
183
1
11
1
1
9
1
1
2
1
1
1
1
9
1
1
1
92
2
14
3251
13
1
5
1
1
11
20
1
1
52
306
1
4
2
5
15
3
2
4
1
49
1
1
1
75
1
4
1
4
1
1
2
39
15
1
1
1
1
1
1
1
6
2
7
2
59
3
2
2
1
1882
1
2
1
18
71
2
78
33
1
3
1
1
1
2
4
51
2
1
65
8
5
1
2
1
1
1
11
3
1
3
67
2
1
11
3
56
5
1
1
13
1
2
1
132
3
2
3
1
1
1
5
13
1
1
1
78
30
1
3
7
15
1
8
71
33
8
1
816
85
1
1
1
24
30
34
1
46
9
2
1
1
3
1
101
3
29
32
1
1
4984
42
70
418
52
8
5
1
1
157
1
1048
10
4
1
1
4
1
1
2
1
1
1
1
40
1
1
1
1
9
4
1
4
1
4
1
1
1
1
4
1
3466
3
1
58
1
4
14
2
2
3
1
61
1
62
14
2024
1
27
1
1
1
53
6
5
468
92
1
6
1
2
33
3
1
920
414
3518
1
14
4
2
6
2
3
79
1
31
2
1
122
4
14
1
12
4
1
1
20
1
44
1
219
18
2
1
1
1
1
13
3
1
2
13
1
1
26
2
10
1
1
1
20
88
1
1
1
6
1
11
1
5
1
6
143
1
503
1
1
2
1
11
1
2
1
1
1
2
1
1
1
2
1
1
1
3
1
2
2
15
42
1
1
1
1
20
1196
1
32
2
1
4
1
1
1
98
2
108
6
1
1
1
1
1
1
1056
7
1
14
1
1
1
3
15
4
20
41
3
1
1
16
3
1
4
3
1
404
4
4
4
1
2
417
26
1
319
20
5
1
1
6
1
1
1
2
1
1
2
1
144
3
1
5
1
120
46
2
3
1246
214
1
1
2
1
340
5
55
4
1
1159
9
1
1
1
1
5
110
91
1
3
601
1
1
1
3
1
3
1
2
1
2
1
25
1
61
1
104
1
91
9
1
1
22
1
2
6
13
184
1
35
1
5
11
373
2253
3
26
1
15
30
1
7
1
6
11
19
251
1
5
2397
29
9
1
147
7
3
1
1
862
5
1
2
2
1
1
3
1
10
2
3
1
10
1
3
25
1
1
34
1
2
33
15
5
322
9
12
1
10
1
16
1
2
3384
1
48
2
7
21
3
1
2
2
7
328
1
8
132
44
1
270
5
1
2
1
8
2
12
40
1
1
3
1
12
1
1
3
74
1
2
10
1
2
3
93
1
4
5
2
2
1
1
7
1
1
1
6
4
6
1
1
1
20
1
1
2
6
1
11
2
1
3
2
1
2
19
215
8
1
11
11032
18
1
10
1
1
1
1
1
1
1
6
13
3
2
16
1
15
1299
863
4
98
145
2
1
2
1
7
19067
12
1
1
2
578
34
1
1
1
1
18
2
786
2
78
1
1
27
1
3
1
5
3
2
3
1
140
3
16
18
24
1
11
9
1
1
1
1
1
8
101
622
2
414
1
75
29
1
2
3
2
83
1
3
4
1
9
358
1
6
6
1
4
23
4
3
3
6
24
7
1
1
1
4
1
1
1
2
2
61
100
14
3
1
2
1
1
2
146
1
1
479
592
6
1
1
13
1
9
1
1
72
1
17
1
1
1
41
47
1
32
1
60
1
1
13
7
1
2
12
5
21
1
4
13
4
1
2
21
1
1
2
1
2
6
3
26
1
1
1
106
1
1
21
1
71
13
1
4
2
2
2
2
5
1
1
4
1
1
8
4
6
59
1
1
1
2
1
2
2
72
1
3
1
300
1
3
1
21
2
1
2
1
2
4
5
2
19
1
1
12
22
170
12
33
440
5
1
1
1
17
57
79
152
65
1
1
7
1
4
1
1
1
3737
48
38
11
1
166
55
1
1
53
164
4
7
1
2
1
1
1
2
10
1
8
218
3
12
8
1
10
4
2
1
9
2
1
1
1
2
29
1
8
75
1
108
45
3
7
12
21
4
39
1
1
7
8
4
28
13
1
17
1
14
3
334
59
14
14
263
1
12
1874
2
4
1
2425
1
4
1
9
190
97
4
1
1
1
3
7
1
357
34
1
1
2
2
1
2
3
1
1
1
20556
1
1
2
18
583
1
12
1
1
4
1
12
2
1
59
1
1
2
1
1
122
2
2
27
1
37
8
2
59
1
4
5
10
2
4
5
14
1853
1
7
28
5
2
1
1
1
1
1
3
16
1
220
1
1
1
1
3
1
9
1
753
1
1
1
1
1
1
1
3
5
1
26
6819
3
1
1
430
3007
11281
1
8
2
1
18
2
1
2
1
3
6
9
3
1
7
137
1
1
2
1
1
6
1
16
4
7
23
12
2
4
3
4
1
1
2
3
1
2
19
1571
11
1
1
1
24
1
2
1
1
1
14
9
1
1
1
1
1
1
145
2
48
3
1
1
1
2
1188
1
1
1
1
1017
2
3
2
2
1
1144
1596
1
9
157
2
1
2
1
4
1
1
82
1
1
1
1
590
51
2
1
1
1
1
1
18
1
4496
2
1
1
7
1
1
1
8
1
3
1
1
1
3
1
21
1
70
25
1
12
3108
2
283
1
1
1
2
4
144
1
6
6
4
1
5
2
1
1
2
1
1
2
2
1
1
14
2
21
1
1
513
5
2
1
42
16
9
1
38
192
1
2
1
1
1
1
440
1
2
12
2
12
1
1
2
1
2
4
6
1
1
1
11
1
13
56
1
1
4
2
707
5
1
1
7
7
6
2
7
2
3
3
13
53
2
1
1
6
3
1
1
2
37
1
14
1
2
1
46
1
3
3721
1
2
2
1
2
5
89
1
668
492
1
669
80
7
26
2
2
6
1
16
4
3
1
83
1
1120
9
15
145
1
2
1
1
1
46
1
9
82
2
7
39
4
1
19
1
1
1
3
3
2004
9
2
1
5
13
2
1
1
11
23
2
144
1
9
34
1
2
6
2
1
1
1
3
1
7
1691
5
15
1
2
23
17
1
2
1
1
3
2
25
1
62
4
3
1
5
1
14
6
3
323
1
13
13
2
1
1902
1
34
1
2
4
2
1
1
14
1
31
5
1
10
102
117
7
15
5
486
3
10
1
1
1
1
26
607
2
13
197
1
6
2
43
1
1
19
1
2
1
1
8
9
6
3
2
5
2
1
1
2
31
1
1
1
6
1
1
9
12
13
5
9
5
1
1
1057
9
1
55190
2
28
3
1
23
21
13
120
1
1
1
1
217
2
1
10
2
1
28
4
41
1
1
12
4
18
5
20
2
1
4
2
1
19
2
6
1
18
14
2
12
6
1
1
1
113
29
1
1
1
31
1
2
16
2
1
14
13
2
1
60
1
83
1
1
6
1
39
1
1
1
6
30
12
2
2
6
27
2
3
5
1
4
163
2
1
3
113
1
1
4
14
10
1
1
1
143
1
1
1
2
3
1628
1
1
97
77
17
1
8987
4
2
15
1
1
4
1
1
1
5
1
1
2
1
1
1
2
1
9
6
6
50
1
1
1
21
1
2
1
1
1
50
1
363
3
1
7
1
1
2
1
10
6
59
77
171
1
7
8
1
1
1
4
1
9
9
2
27
17
28
3
13
1
1
12
131
53
13
10
7
1
1
1
4
3
1
6
360
1
1
1
1
4
1
2
4
1
3
5
9
5618
73
13
1
14
1
1
632
9
28
1
13
11
5
15
8
3
25
1
2
4
70
2
1
1
1
1
4
1
1
2
3
3
1
23
3
37
2
69
1
7
2642
1
6
1
1
6
7
158
13
39
6
1
1
1
38
11
1
21
1
2
27
1
2
5
2535
1
6
231
1
4
2
12
209
1
10
2
1
21
1
13
1
19
1
1
468
1
1
1
1
636
2
1
1
1
1
1
1
12
28
10
3
100
5
2
2
35
2
1
48
1
2
2
1
23
1
1
8
51
1
102
5
10
36
1
13
3
2
10
1
272
2
4
44
2090
2653
1
1
30
4
4
106
4
1
3
9
3
1
2
3
1
1
1
1
6
3
2
1
1
427
1
2
1
1
1
1
1
10
1
1
2
1
105
9
1
1
27
1
1
1
1
1
1
1
5
1
1
1
1
3
2
2
5
868
1
1
106
89
2
1031
22
1
23
255
1
182
1
2
2
2
1
21
1
1
1
1
4
2
2
1
1
1
585
28
1
1
1
751
37
2
8
1
5
1
6
3
45
20
1
1
9
2
9
1
2
1
1
2
1
3
1
1
1
733
1
1
33
42
2
1
2
1
2
1
4
3
20
1
1
8
1
1
7
3
21
1
5
49
1
1
1
1
10
57
1
7
1
11
4
1
1
1
16
2
19
2
28
1
1
8
11
1
1
16
5
13
2
1
12
9
3477
3
4
32
1
1
1
1
243
1
1
10
261
82
3
1
2
1
33
237
2
4
4
6
9
1
1
1
1
2
4
1
1
1
1
1
21
3
14
27
5
1
8
4
2
42
3
2
14
5
1
1
27
1
8
1
6
1
2
1
90
1285
7
1
10172
75
12
4
20
30
1
1
1
10
1
17
5
10
1
4
1
54
2
9
39
9
1
1
8
45
1
4
1
1
3
1650
5
1
1
1
4
3
1
3
6
1
1
3
1
1
6
27
3
1
1
22
2
7
1
1
10
4
1
3
10
1
23
2
3
1
2
1
7
3
1
6
17
2
1
1
1
1
4
3
1
7
35
2
254
1
25
38
27
3
1
2
22
1
4662
18
1
1
1
382
44
7
1
1
1
163
1
3
4
2
22
1
4
5
3
1
1
1
1
245
30
1
1
1
17
5
37
6
1
1
9
9
1
3
1
1
11
1
11
1
7
1
1
2
1
1
1
15
6
25
5
16
11
1
1
12
1
1
1
3
3
1
2
1
4
3
1
3
3
7
2
1
2
1
1
6
5
4
134
1
1
2
59
5
1
17
1
1
30
1
453
1
2
1
1
2275
1
30
1
25
1
9
1
1709
1
1
1
5
3
1
1
1
6
11
2
1
1
10
1
35
1
1
1
1
4
1
94
1458
2
2
1
1
1
11
2
1
1
121
1
28
1
1
1
1
1
1
2
141
1
1
1
3
1
1
16
1
1
1
81
404
1
1
14
1
5
1
1
1
1
1
1
46
1
1
1
1
4
2
1
1
1
1
2
931
1
1
1
2
1
5
1
2
6
1
103
35
22
1
1
20
14340
1
12
1
2
1
5
1
1
37
358
1
5
1
4
51
5
1
1
1368
1
5
5
28
1
1
134
1
2
13
1
51
1
16
4
5
3
1
6
4
6
1
1
11
1
29
2
2
1
3
2
17
50
7
8
5
55
2
5
2
11
2
1
1
1
1
42
1
1
79
4
2
3
74
3
1
454
23
1
1
36
4
1
2
3713
9
2
1
1
2
13
8
1
3
1
2
9
2
1
1
7
1
14
1
1
11
1
1
26
2
7
3
1
1
1
414
2
1
2
1
10
1
4
1
1
2
1
3
26
118
16
433
1
1
6
5
6
2
3
22
5
2
1
3
1
27
1
1
1
4
1
3
56
13
2
2012
9
3
3
2
13
1
4
4
1
6
2
4
2
20
1
2
1
1
1
1
1
1
1
1
8
22
1
36
1
2
2
5
573
2
9
1
6
1
1
1
1
3
1
1
6
2
6
2
38
3
6
5
1
1
1
7
1
1
3
2
2
1
2
2
10
206
430
1
196
4
2
2
161
14
1
3
1
1
89
3
5
26
2
4
4
21
1
1
1
1
1
3
147
7
1
3
1
1
1
1
48
1
4
1
1
1
1
125
87
1
1
2
30
16
43
13
247
1
20
1
41
1
21
3
13
1
4
6
1
5571
3
35
1
9
7
3
12
1
1
1
16
1
97
1
2
2
7
115
3
4
1
2
1
29
48
3
8
63
2
29
1
1
2
1
7
1
2
2
1
2
1
4
20
1
2
2
3
1
45
4
3
25
5
2
402
22
1
1
2
1
8
1138
1
1
6
6
2
13
15
4
12
1
8
1270
2
4
1
1
1
222
310
4
128
1
3
1
15
20
4
19
39
8
1
1
5
7
2
20
1
1
4
8
1
1
4
1
124
1
1343
3
1
1
1
9297
13
3
199
5
3
12
10
3
1
1
6
1
15
22
2
4
4
7
3
1
3
54
5
1
3
1
2
1908
5
16
1
1
1
2
5
3
34
1
1
622
16
169
142
1631
3
3
8
1
107
1
1
3
1
1
1
22
174
3
34
1
1
1
386
2
1
2
1
1
9
7
2
1
4
1
1
1
1
18
1
100
5
3
1
15
1
2
1
5
40
16
71
1
1
1
4
2
1
219
3
2
28
1
1
2
41
28
260
6
3
1
68
178
1
1
1
5
4
1
1
210
2
51
18
2
1
1
3
3
1
11
10
1
1
1
6
1
1
2
1
1
1
1
1291
63
1
1
10
13
1
14
9
1
1
1
198
2
4
1
2
1
2
1
15
101
1
1
7
3
1
599
2
22
2
1
1
1
51
1
2
1
1
1
1
1
1
1
1
1
46
1
6
2
1
1
4
3
1
94
1
1
2
24
286
8
1
2
2
11
18
1
1
2901
1
35
58
1
12
9
3
18
11
3
2
5
1
9
1
44
1
2
1
12
2
1
22
1
10
1
3
2
1
21
6
1
10
1
10
1
1
1
3
1
1
3
1
22
1
5
1
1
4
335
5
1
1
2
192
1
240
1
1
2
19
1
1
1
7
192
1
3
1
3
306
1
47
372
1
1
1
9
54
1195
2
7
16
1
6
1
1
1
1
1
4
2
5
3
10
1
1
2
5
2
14
3
2
14
1329
2
9
2
343
8
13
18
1
4
3
15
1
2
1
81
27
5
4
22
4
448
5
1
1
819
1
5
103
2
7
1
4751
1
2
12
1
312
1
6
19
1
1
36
1
82
4
3
1
14
7
4
46
54
1
1
1
1
1
4
1
4
8
1
2
2
1
3
1
17
12
4
5
1
13282
1
1
6
1
1
1
3
2
9
1
3
1
1
5
3
13559
3
7
1
2
30
2
2
1
2
245
3
1
25
1
348
2
912
1
22
2
4
2
29
8
3
5
3
398
14
7
1
25
2
13
1
3
2
7
458
2
65
92
73
1
2
13
1
1
1
1
9
4
727
1
2
1
1
1
32
218
1383
9
1
4
119
1
1
3
2
5
1
5
14
19
3
1
1
2
7
1
1
1
4
2
19
2
6
4
1
22
7
1
1
2
1
3
1
1978
1
174
66
2
4852
891
3
1
2
1
1
726
1
4
1
3
3
1
1
68
2
9
1
1
29
1
6
338
2
278
15
27
530
7
1
1186
20
13
4
5
1
1
28
1
10
1
110
2
2
1
211
1
2
6
3045
58
3
1
4
1
5
2
1
3
55
1
2
2
4
1
61
26
1
2
1
115
1
1
3
1
4
4112
1
16
7
6
1
1
1
2
1
596
1
323
3
300
13
2
2
21
1
254
457
2
16
20
132
1
1
12
2066
18
1
1
1
3
18
1
83
566
1
4
2
1
2
5
66
1
2
7
3
1
455
6
4
17
1
1
162
2
1
2
4
110
2
2258
2
2
1
2
1
3
5
1
1
201
19
34
40
6
2
1
1
9
13
14
5
3
8
4
1
8
1
2
7
1
19
20
1
1
76
7
1
26
6
1
6
2
1
1
5
6
1
121
8
6
1
167
1
1
1
1
15
2
429
1
1
4
1
321
1
1
1
45
1
125
7
2
1
1
11
6
1
182
1
1
1
5425
2
2
2
1
12
1
1
18
19
1
763
5
1
1
1
1
1
1
53
1
2
1
1
2
1
3
3
3
2
1
5
1
1
3
3
2
3
1
14
2
1
1
77
81
466
1
2
62
1
2
4
14
19
18
1
1
1
4
2
8
10
2
34
183
6
1
2
297
5
1
3
3
2
1
8
5
3
7
372
12
1
4
1
3
1
1
6
1
1
16
7
3
1
1
1
1
70
1
3
1
43
288
52
87
249
1
1
21
1
1213
3
3
8
2
2
1
3
13
8
17
1
85
5
7
2
1
3
1
1
78
1
2
15
74
1
47
1
66
1
1
12
51
1
142
1
1
1
1
1
1
5
1
5
2
42
5
2
2
1
3
5
1
18
1
3
5
2
1
1
5
3
15
1
1
4
8
1
2
1
3
5
2
234
146
3
231
5
66
86
4
1
3
3
7
1
2
2
3
46
6
5
4
1
9
9739
9
2
1
2
3
1
4
1
9
2
7
3
1
52
1
4
1
1
6
1
3
1
1
1
1
4
1
1
6
1
47
85
2
1
5
1
606
16
15
2
1
11
41
1
37
26
3
1
2
2
1
3
1
8
1
1
1
1
1
1
1
4
6
4
2
90
63
1
4
2
14
10
1
2
7
47
1
1
5
1
1
1
17
1
10335
1
1
4
49
20
4
66
50
2
1
4
1
1
3
1
27
3
16
2
4
248
1
4
1
8
3
3217
38
5
4
1
1
1
1
13
13
1
4
1
1
1
4
1
31
12
2
114
1
1
30
8
1
1
2
5
2
1
11
21
5
2797
1
1
1
1
28
4
1
1
18
1
1
1
3
2
1
3
1
1
1
1
1
2
4
4
10
1
1
5
101
1
22
1
4
2
4
13
1
103
11
170
1
55
10
1
1
4
3
3
1
1
1
37
14
9
1
13
1
1
4
286
11
58
1
11
2
17
1
1
1
2
2
19
6
4
219
20
1
4
1
1
1
4
1
3
2
24
5
1
1
1
1
11
1
24
2
9
1
34
8
1
2
1
1
23
8
1
1
1
1
11
3
1
1
1
1
67
1
5
2
1
1
2
48
2
1
1
2
2
1
1
2
1
4
7
1
146
1
342
2
1
1
35
203
28
288
1
1
1
3
7
6
5
2
1
2
16
1
20
5
30
1
1
1
569
64
13
18
48
1
1
292
89
1
2
21
201
1
211
1
2
23
4
38
1
3
1
10
5
2
12
1
1
3
15
1
2
25
7
1
2
873
1
1
1
1
5
119
19
3
1
27
1
1
5
8
7
1
1
496
75
8
1
1
26
2
4
1
3
1
2
3
9
11
1
8744
395
52
9
47
3
1
1
2
4
6
1
1
69
3
25
2
2
7
1
1
1
15
1
14
1
2
1
7
30
6
9
1
7
2
3
1
1
11
7
1
7
3
1
2
1
4
1576
2
1
69
5
74
2
657
1
1
1
1
1
6
1
1
12
6
1
1
74
12
2
1
9
104
1
2
1
42
3
4
22
1
49
1
219
1
33
8
3
1
1
1
1
22
561
1
13
111
1
1
12
7
1
2
54
3
1
10
3
1
3
1
27
3
266
368
3740
3
2
1
12
7
76
14
1
54
1
10
2
2
167
6
3
36
1803
2
3
1
2
1
30
4
8
1
4
1
2
5
1
17
9
1044
1
1
1
35
1
2
1
2
1
1
1
1
1
3
1
1
1
3
1
1
51
2
4
24
8
5
26
107
4
88
1
2
105
1
12
20
812
14
1
13
2
2
2
1
1
1
2
1
1
1
2
1
1
948
2
1
26
233
16
9
4573
1
2
3
10
10
50
4
9
1
3
12
49
1
1
1
1
15
28
7
7
1
1
1
8
54
22
1
3
37
21
3
1
111
2
1
130
96
2
4
2
1
1
1
3
2
1
1
1
1
4
1
4
1
9
39
4
2
3
1
4
121
1
1
1
6
1
81
1
2
2
252
22
1
77
19
18
2
5
1
1
1
2
2
1
3
1
1
1
1
2
4
1
4
1
1
26
2
3
5
3
81
129
1
9
1
1
320
2
1
5
1
1
5
445
4
2
6128
245
6
9
1
1
1
2
3
2
10
2
182
5
1
1
137
3
2
44
352
2
1
3
2
12
1
1
9
1
1
1
1
2
1
5
1
4
2
2
33
27
103
2
18
14
1
202
3
16
29
439
617
43707
1
1
1
1
1
8
1
11431
19
1
119
1
2
4
32
8
1
4
1
1
2
1
3
12
16
1
1
2
1
8
2
7
1
1
21
1
1
19
571
442
1
5
11
1
1
797
4
1
29
35
29
1
1
56
1
1
3
1
5
2
1
4
12
10
67
4
7
2
1
1
2
1
2
1
54
2
3
2
1
8
12
4
2
3
2
4
1
1
9
2
1
11
2
16
4
1
1
762
56
670
7
2
6
5
4
1
7
2
1
2
1
32
1
2
1
1
2
1
1
3
1
2
2
11
10
1
10
143
2
29
2
13
18
1
14
1
1
37
10
1
4
5
1
75
3
3
15
1
1
1
10
2
1
42
472
1
7086
1
1
7
1
196
1
1
8
4
31
2
1
48
1
1
1
108
23
1
1
1
40
9
1
20
1
8
24
64
28
6
1
6
1
4
4
1
1
34
21
72
18
3
1
1
107
15
1
13
1
1
23
1
42
862
71
1
1
19
5
1
29
1
2
11
1
17
2
2
3
1
29
1
1
1
1
5
28
1
9
121
1
23
1
3
4
27
366
1
2
4
1
2
1
8
34
345
225
1
22
10
2
10
2
3
2
1
17
2
13
1
3
1
8
2
4
3
1
3
950
1
1
103
71
2
1
1
1
3
2
14
1
32
1
3
1
15182
1
1
4
3
1
1
2
1
472
1
1
1
1
51
102
1
2
94
5
35
5
1
3
1
1
1
1
4
1
1
1
4
1
1
1
1
9
31
2
1
5
7
1
1
47
1
16
48
19
1
1
2
3
45
3
29
363
1
1
1
62
1
3
1
246
11
39
6
1
1
5273
177
22
11
31
1
2
1
2
11
1
1
43
1
1
14
1
1
1
4
20
12
5
1
2
6
3
1
2
1
17
1
4
2
3
7
1
3
3
2
1
3
67
68
3
1137
3
1
8
1
2
1
4
4
5
1
3
3
28
11
956
652
2386
1
1
2
1
3
1
2
6
1
2
64
3
6
8
267
2
50
1
4
58
1
1
4
10
2
127
1
1
2
21
2
2
1
3
1
5
3
23
23
1
12
1
5
4145
1
1
1
1
2
2
3
1
22
1
2
1
39
3
62
1
15
1
1
1
14
4
1
29
63
4
2
4
101
1
6
1
2
135
12
2
51987
2
7993
3
1
44506
1
2
3
2
1
1
6
1
5
2
91
3
1
1
4
2
5
1
39
1
1
1
2
1
2
1
119
1
1
7
3
6
1
14
5
1
5
2
27
1
1
3
16
1
1
6
2
2
1
1
90
109
214
35
23
1
14
4
1
1
40
1
1
4
4
1
1
3
15
3
34
438
527
1
1
7
1
28
378
1
190
1
1
97
1
1
1
314
22
2
27
1
28
14
4
1
1
1
1
4
1331
12
2
1
11
9
12
76
9
1
2
12
1
13
83
1
1
43
1
31
26
1
240
1
1
1
211
2
6
138
21
3
440
1
75
3
1
9
1
40
6
2
264
1
1
3
1
1
322
2
3
3
31
1
29
6
22
1
99
1
21
1
10
1
2
30
1
1
40
11
3
719
8
1
112
3
1
2
3
2
3
1
1
2
38
65
4
2
4
5
1943
7
27
446
5
8
2
1
2
1
19
1
6
5
2
15
1
1
7
74
3
2
1
39
10
5
1
1
122
1
3
4
1
3
1
3
1
1
1
1863
1
38
3
93
1
6
1
1
447
1
4
1
1
1
24
1
19
1
1
3
6
1
5
1
3
2
7
1
8
2066
127
1
32
1
1
3
3
1
2799
1
1
16
643
525
2
1
13
5
4
1
2
4
376
2
3
1
1
1
1
3
306
10
1
3
6
20
3
40
6
1
5
22
1490
1
2
7
1
1
6606
1
72
1
1
9
20
102
1
54
1
27
12
77
2
5
7
1
1
1
237
213
3
5
3
146
31
1
1
1
1
2
5
2
1
69
29
4
36
1
1
3
4
1
1
1
3
2
1
46
1
13
7
59
1
89
1
5
1
1
11
3
2
3
9
6
5
2
1
2
1
1
7
1
1
1
48
1
18
2
2
1
1
2
2549
3
4
1
4
5
1
26
4
6
1
5
236
3
17762
120
20
1
1
1
1
2
2
1
2
1
8
1
1
14
21
4
17
1
1
1
9
17
1
6
10
154
1
3
1
2315
77
63
100
7
1
29
1
1
1
2
1
6
1
1
4
1
15
12
136
68
1
3
114
551
1
1
1
3
7
2
57
20
27
69
2
2
1
45
5
2
1
22
9
8
99
1
1
2
6
1
692
1
1
1
23
1
1
2
4
5
9
1
13
5546
54
1
102
1
356
12
2
2
65
2
1
14
1
2
5
1
1
1
2
8
1
1
5
2
44297
1
1
1
1
2
2
4
3
1
1
13
8
1
1
83
1
1
10
2
2
261
8
2379
87
1
29
11
43
2
2
1
2
2107
1
102
2
86
2
150
1
29
2
8
1
1
1
1
7
28
2
3
2
1
1
1
2
1
2
1
6
1
1
171
48
4
64
1
2
1
7
3
69
7
2
1
1
1
9
1
1
43
22
21
4
1
460
16
1
11
1
1
3
1
2
21
11
9
1
4
2
1
1
39
9
5
27
7
1
205
65
2
1
1
1
1
5
1
2
1
1
8
12
2
1
928
1
7
5
1
2
1
1
11
4
1
324
2
97
15
78
16
1
12
4
44
7
1
1
30
1
2
169
11
2
1
2
30
33
1
5
1
1
109
1348
6
3
2
3
126
7
1
1
35
1
1
6
3
21
1
1
4
2
1
1
1
1
12
1
2
30
1
3
51
1
1
1
4
100
49
1
7
3
9
1
4
1
1
27
1
6
1
19
121
114
1
7
16
1
5
6
1
4
47
13
1
13
1
7
1
1
4
2
1
1
1
1
2
41
2
9
1
3
1
1
18
7
1
445
1486
3
4
1
1
2
1
12
9
2
12
4
3
11778
4
224
20
162
1
53
1
7
1
11
72
37
1
2
2
1
4
2
4406
1
2
1
26
3
22
11
1
2
446
1
20
4
1
1
4
1
24
279
8
8
2
9
1
1
7
3
3
4
101
1
1
24
45
1
1
59
246
15
1
18
60
1
1
1
1
4
1
1
1
1
36
5
3
1
1
4
1
2
1
3
36
7
1
191
603
1
13
3
52
17
9
7
34
2
2
1
2
1
2
1071
2
1
1
2
1
1
3
4
13
1
2
1
1
3
2
449
21
2760
2
1
2
1
1
1
2
1
1
1
1
4
1
1382
1
5
1
28
1
2
5
2
2
3
1
1
1
1
1
1
3
1
20432
2
3805
4
309
3
866
1
1
6
20
3
82
6
5
54
1
1
1
1
500
1
6
2
1
1
11
5
1
1
1
1
1
6
11
1
6
1
12
1
1
1
8
2
7
1
4
10
20
13
1
8
1
1
3041
1
24
18
10
1
6
3
2
16
34
1
19
13175
2
1
1
2
1
1
1
111
1
3
59
1
1
66
3554
3
2
1
19
2
1
8228
1125
3
1
12
1
1
1
1
1
1
3
4
1
664
19
17
1
1
1
2
2
1
13
404
1
1
3
1
1
1
3
1
1
32
5
2
235
4
2
3
21
1
2
1
1
8
1
1
8
12
1
1
1
1
1
14
1
1
1
10
1
1
2
4
21
4
5
2
2
51
3
1
1
1
2
1
1
1
3
2
5
1
2
1
1
1
1
1
4
2
26
4
1
54
1
407
16
2
16
30
36
1
5
5
27
5
2
15
22
1
6
25
1
15
237
6
15
2
3
3
1
54
1
56
172
3
1
26
3302
1
2
3
8
28
1
4
1
4
1
17
2
1
1
1
3
12
1
1
7
4
99
10
39
18
1
1
1
1
1
1
1
1
2
9
3
1
2
1
8
1
2
86
2
12
2821
1
1
3
1
1
1
1331
1437
1
1
7
168
4
269
2
1
7
5
3
1
1
1
206178
1
3
1
1
30
2
282
265
95
326
10
10
1
3
4
1
3
1
1
47
3
48
23
20
91
8
7
64
1
519
1
4
1
1728
1
2
2
1
13
2
20
1
4
119
1
5
18
8
42
86
7
2
122
1
68
1
1
1
3
55
1
1
1
1
1
4
1
1
2
1
1
4
4
1
8
7
15
1
35
1
25
23
1
1
5
1
1
1
1
1
1
1
6377
51
3
1
1
1
1
12
6
23
98
2
6
20
35
1
3
5
83
1
2
1
6
8
1
1
4
15
1
1
5
3
1
1
14
3
2
23
3
3
3
550
73
14
1
6
2
3
70
7
2
4
105
1
2398
25
2
25
2
53
2
2
302
124
1
1
1
1
1
8
7
1
81
40
1
7
1
1
1
3
5
1
1
18
105
1
15
17
1
129
1
1
1
6573
110
14
990
1
24
1
2
2
1
1
2
117
5
1
24
50
1
220
53
2894
121
2
36
3
2
10
7658
1
1
1
2
2
13
1
2
1
3
1
2091
1
1
143
6
8
6
3
13
2
273
1
1
12
1
3
15
28
8
1
1
60
1
15
21
2
1
1
2091
462
796
1
3
11
3
1
1
32
1
1209
1
8
1
1
1
2
5
1
2
31
1
2
1
66
1
5
1
2
1
5781
20
1
453
18
1
20
127
164
1
1
1
1
247
1
1
54
1
3
17
6
1
1
1
1
1
1437
1
1
5
2
9
1
2
39
1
3
6
1
1
767
1
1
4
8
5
2
1
1
1
2
2
18
2
1
536
1
6
1
8
7
1
1
2
4610
1
23
1
1
2
1
1
1
1
433
1
2
1
1
2
1
1
26
2
1623
1
5
1
1
7
9
1
1
2
1
22
43
3
8
1
173
2
1
1
1
1
33
11
5
6
3
3
1
6
1
1
1
9
35
1
78
1
1
2
4
2
1
1
31
188
1
21
1
96
3
3
1
1
25
3
1
3
12
1
69
1
3369
2
1
47
1
5
6
1
1
206
9
1
114
317
1
1309
2
1
3
676
1
1
2
4
1
9
1
3
1
13
1
11
4
138
1
4
1
2828
1
383
1
2
16
52
1
1
3
1
1
1
2
6
1
15
1
1
1
1
1
1
1
2
4
21
12
60
1
1
12
2
1
54
2
5
21
11
1
1
226
1
5
4
1
43
36
1300
1
2
3
9
1
325
1
2
1
1
3
1
1
9
49
59
27
24
1
4
1
4
288
11
8
19
1
210
10
1
3
12
8
884
8
1
1
8
2
4
1
1
2
1
96
630
5
50
2
1
8
4
1
58
7
7025
38
7
3
1
1
5
1
5
1
1
1
1
7
1
8
4
1
12
26
1
1
10
1
4
1
23
1
2
1
4
67
13
2051
278
118
1
1
1
2
1
40
1
9
6
1
34
1
5
6
1
24
1
13
8
1
7
1
77
83
2
12
1
2
62
3
84
1
5
6
1
25
1
1
1
2
2
3
1
10
1
2
1
10
3
1
1
1
20
1
1
8
1
10
2
2
1
4
20
1
26
84
2
1
1
1
2
2
3
1
13851
1
1
1
2
1
1
20
1
1
2
167
1
1
550
1
1
6
1
4
4
1
1
11
1
6
2
8
31
4129
132
1
35
1182
25
4
1
9
11
4
3
2
118
23
12
4
4
1
8
207
4
12
50
1
2
2
4
1
143
1
2
1
1
1
6
2
2
18
2
4
3
4
1
14
8
1
4
10
17
434
11
1
3
11
2
1464
15
3
1205
1
3
1
15
3
14
1
30
3
1
1
4
1020
1
3
2
7394
44
1
1
23
17
5
14
1
29
5
257
1
7
3
5
1
2
5
1
5
3
1
1
1
1
24
2
4
1
1
4
9
63
2
1
1
15
1
1
1
4
1
5
249
1
4
1
27
1
11
31
23
1
3
1
7
3
44
1
1
118
44
25
108
1
2
10
1
2
1
2
2
12
1
5
1
1
1
3
6
7
2
3
1
1
1
488
25
2
3
19
380
14
56
13
10
1
20
38
2
1
3
40
2
1
1
1
39
2
12
14
4
253
14
9
2
24
1
1
2
17
1
1
1
496
3
5
1
1
1
6
15
1
1
5
1
13
2
1
20
784
2
24
13
1
695
15
37
2
135
1
2
202
4
9
1
1
45
1
3
1
1
31
304
1
27
8
1
564
13
1
4
19
1
2
1
5
1
703
4
34
2
7
1
2
26
1
7
1
1
1
351
1
2
1
1
1
3
3
4
1
6
5
1
2
2
1
708
22
7
1
10
29
5
1
20
1
2
2
1
1
1
4
1
208
14
4
2
3
87
3
19
1
1
2
1
8
1
324
4
20
67
9
5
1
2
7
149
17
51
2
1
2
3
4
1
2
141
59
11
1
1481
133
152
1
54
6
1
5
1
5
73
1293
34
1
38
1
1
1
2
52
1
1
1
3
3
5
3
1
1
13
3
271
3442
1
107
10
2
1
1
2
6
1
4
89
1
1
1
13
167
4
4
177
1
1
1
4
3
2
22
1
1
1
70
32
32
2
1
1
1
1
1
6
1
1
5
9
2
12
106
1
1
1
5
17
5
19
1
19
1162
1
1
1
2
1
4
22
35
1
2
1
90
1
83
167
1
243
4
3
2
1
3
1
1
4
5
12
22
1
1
1
1
104
267
1
3
1591
1
278
1
1
1
2
4
12526
20
2
1
3
14
4
5
261
1
4
44
1862
2
1
1
1
1
69
319
7
1
1
113
34
1
1
5
2
1
1
1
1
1
2
54
1
4
3
1
9
1
3
1
13065
1
1
2
1
2
1
2
1
17
26
180
1
1
1
6
15
9
2
1
1
1
1
1
1
1
1
4
1
888
1
1
1
17
1
375
3
9
1
1
18
14
68
3
30
1
7
1
1
1
1
5
192
7
2
1
1
1
1
1
37
3
68
11
7
1
16
1
6
2
2
1
1
1
6
1
1
2
199
1
1
1
1
1
3
1
1
757
442
11
1
6
1
42
1
1
4
1
1
3
74
2
223
6
1
1
80
8
28
1
1
188
1
1
213
1
690
1
1
1
2
4
2
1
5
3
1
1
1
33
5
1
1
1
1
6
1
1
5
3
396
26
1
1
1
1
4
7
1
2
1
3
37
6
1
9
63
1
18
7
1
9
2
12
2
1
2
1
108
1
6
2078
1
972
4
77
1
2
9
17
12
1
1
237
1
1
1
1
3
6
1098
2
4
1
1
1
1
1
1
1
1
3
19
1
1
27
114
7
1
40
1
10
1
4
52
1
1
3
44
3
4
1
14
132
239
804
1
6
37
1
1
6
2
2
1
1
575
532
2
1
2
1
1
19
1
4
277
2
1
2
10
4
23
1
3
16
2
1
13
4
1
1
2
1
22
214
1
1
3
13
1
1
4
3
3
593
39
1
4
2
6
1
1
6
2
3
2
9
3
125
2
1
3
19
1
79
1
9
3
1
1
1
1
2
1
16
3
3
1
1
1
3
1
3
1
3180
1
2
1
18
1
2
1
5
1
1
1
3
21
6
8
1
7
1
12
1
14
1
8
5
22
6
1934
1
2
2
2
14
1
12
1
2
1
3
18
53
9
1
31
1
1
1
1
3
1
1
1
47
61
1
11
275
1
5348
2
1
7
1771
1
2
2
3
1
1
1
1
4
1
1
27
2
3
2
3
1
9
2
1
1
2
1
12
1
1
1
1
2
19
1
2
83
1
1
175
37
1
10
2
1
1
13
2
5
12
1
1
2
3
3
224
1
8
16
1
2
6667
1
1
1
1
1
1
80
1
2
1
1
1
1
1
5
3
22
1
10
1
12
2
1
1
12
3
4
44
1
2
1
4
1
10
243
1
2
1
1
1
1
1
3
26
15
1
2
15
2
8
1
4
54
1
2
4
3
355
37
212
7
1
14
10
2
2
65
2
1
1
102390
7
25608
1
17
1
1
15
11
191793
1
4
1
1
13
363
981
4
1
1
1
1
1
32
2
1
1
1
94
2
1
1
4
3
4
1
1
76
1
3
1
1
36
2
1
1
1
1
1
66
34
1
4
1
7
1
1
1
7
1
1
1
4
24
1
1
201
1
3
1
1
5
1
39
6
1
2
24
1
1
22
1
4
1
1
9
15
1
5
1
5
3
2
2
5
6
37
3162
1
4
1
1
3
1588
1
98
8
1
2
28
5
42
5
1
19
1
1
1
1
12
1
1
24
19
1
2
1
3
1
1
4
353
1
164
26
1
1
8
610
510
8
15
4
1
136
1
39
1
1
11
30
47
2
2
27
1
1
2
6
1
6048
4
15
9
49
1
2
1
1
51
1
1
45
1
1
295
3
2
1
1
1
4
7
3
17
5
10
1
9
56
1
3
3
1
1
1
1
2
1
3
1
1
2
152
1
2
1
2
1
1
24
1
4
1
5
1
1
1
1
1
1
1
27
7
1
1
6
1
117
1
1
1
4
2
1
71
9
4
111
3
1
73
1
378
1
6
39
11
1
10
1
1
827
1
1
1
16
1
1
2
1
38
17
4
4
7
150
99
953
136
7
1
12
3
1
4
3
3
1052
38
2
12
2
31
1
95
7
26
2
87
42
1014
2
96
1
1
17
235
27
1
4
4
2
1
61
1
1
1
1
22
1
1
3
4
2
3
427
15
1
1
1
1
1
1
41
1
1
1
1
10
55
3
1
1
1
4
9
2
1
1
66
5
150
1
6
1
1
5
60
11
1
742
3756
133
3
4
131
1
2
1
353
2
3
1
8
6
39
1
159
1
127
3
33
2
228
1
35
15
12
8
1
4
42
5
10
9
1
1
18
12
16
18
4
1
1
10
25
6
1
291
1
2
1
83
1
69
58
2
1
1
366
1
53
1
1
20288
89
2
1
1
150
1
10
2
1098
1
1
1
1
1
2
3
1
2
3
120
18
1
2
6986
51
1
118
40
13
2
1
4
1
1
1
1
5
1
1928
2
1
1
4
39
1
7
12
36
1
1
64
2
30
6
1
6
1
1
1
8
1
11
73
18
14
4
32
1
5
51
7
1
3
12
12
118
4311
3
3
20
3
1
6
1
3
738
1
4
3
1
1
3
9
5
1
1
17
1
53
111
3
11
1
1
1
2
1
1
1
16
1
2
2
28
1
60
1
1
1
1
322
659
3
1
1
6
224
6
10
443
1
7
1
1
14
1
1
1
1
14
1
104
2
5
160
1
602
31
150
1
1
24
476
2
2
1
1
2
45
3
2
1
1
4
1
1
2
1
146
60
16
1
1
1
4
8
3
1
129
29
2130
2
1
1
1
17
1
10
2
12
2
1
21659
2
28
1
1
1
184
1
2
6
3
1
2477
1
8
1
1
1
4
118
1
10
1
1
3
107
4
2
1
332
2
3
90
2
4
1
1
2
1
21
196
1
3
36
2
1
1
1
1
4
20
1
85
1
3
10
18
6
220
3
13
1
1
2334
10
120
1
2
1
14
8
1
3
2947
1
1
1
578
8
1
3
547
2
20
2
1
1
1
2
3
1
2
1
34
1093
6
5
1
18
2
2
9
1
172
1
6
312
1
3
5
2
2
14
7
4
6
19
2
6
2
3
10
5
5
4
1
1
106
1
29
2
2
610
21
34
8
1
13
1
130
5
152
3
1
27
61
32
2
17
1
105
1
5
2
208
1
1488
7
18
2
39
3
1
5
9
1
17
11
3
4
1
1
1
1
106
24
6
6
1
1
24
5
1
1
2
4
3
10
6
2
5
1
1
6
1
1
1
2
4
14
27
2
2
39
16
362
2
61
1
5
1
1
44
3
19
1
13
30
1
3
23
1
3
2
4
95
1
1
3
18
2
1
1
5
1
11
1
2
1
2
2
1
4
1
1
57
1
2
2
42
196
664
5
50
1
1
4
1
3
2
12
1997
1
68
12
227
8
1
1
19
5
1
97
3
10
38
3
1
1
9
1
1
1
27
115
2
20
1
20
12
38
2
40
3
1
49
22
2
2
5
2
1
1
1
1
1
139
1
1
3
5
16
1
1
4
1
126
48
1
1
1
1
384
2
1
1
1
1
1
15
6
7
6
1
1
1
6
1
1
2
1
1
1
5
5
1
161
50
1
61
1
36
2
4
2
1
2
1
13
1
7
1
2
1
1
1
1
1
4
2
1
1
6
2
20
3
94
3
4
1
2
5
1
4
608
1
3
3
5795
2
9
1
10
1
1
254
6
1
22
1003
133
1
2
10
8
16
433
1
1
1
1
1
1
1
464
2
1
56
1
1
1
179
1
1
1
330
256
34
2
1
140
3
1
1
1
2
40
1
1
3
1
1
1
7
1
1
2
1
1
6
1
1
1
1
2
89
19
1
1
4
3
1
1
58
8
1
1
132
1
5
15
6
4
1
1
157
2
1
1
8
1
1
3
280
3
1
5
1
822
2
1
1
7
8
1
17
1
4
1
74
4
1
1
2
31
32
5
1
1
1
1
1
1
3
484
1
8
1
6
3
2
1
2
85
40
7
1
1
54
1
1
88
1
124
89
2
1
2
5
1
187
1
1
6
21
32
8
1
1
1
2
1
1
1
1
4
1
3
1
1
9
3
1
1
1
137
1
2
4
6
16
1
3368
2
1
3
2
2
1
1
1
25
1
1
1
1
1498
13
13
5666
2
6
3
2
18
4
12
1
1
5
1
37
4
1
1
2
1
1
1
9
2
1
1
2
24
1
75
2
4
1
7
3
1
10
1
1
4
347
1
9
1
18110
4
3
13
1
3
6
6
3
2
59
1
1
1
17
1
1
38
1
7
1
2
1
13
177
1
577
2
1
1
9
3
37
1
1
1
1
3
1
1
1
1
12
1
1
5
2
2
1
1
112
93
9
79
1
1
1
4
1
8
1
2
10
1
1
58
122
1
90
6
1
36
17
1
1
1
1
1
1
2
1
1
2
4
1
87
14
18
5
1
2
1
1
1
1
2
124
13
2
10
1
1
1
37
15
1
1
1
4
1
2
36
1
61
2
2
1175
5
3
1
11
1
1
1
51
1
10
1
298
262
3
5
2
4
794
1
1
3
1
12
3
1
1
16
1
1
33
2
3
3
122
1
2
1711
38
2
1
885
5
3
1
6
1
45
1
1
1
17
268
21
4
1
2
4
1
1
9321
4
4
9
2
1
5
5
3
2
1
9
5
1
1
163
2
1
1
2
43
21
1
57
1
2
1
7
24
2
1
1
93
4
1
4
1
4
4
1
3
6
73
1
1
1
1
17
1
57
1
13372
3
444
1
1
673
2
265
1
1
51
19
2
33
1
5
4
2
1
8
1
1
31
1
12
11
1
4
1
1
1
17
8
664
166
1
9
6
7
1
5
32
12
18
6
506
1
4
7
452
1
25
266
4
1
2
1
1
2
4
11
1
2
5
45
19
3
1
1
1
2
2
1
2
186
1
1
2
2
7
31572
4
1
222
2
11
7
4
4
1
4
6
4
64
15
1166
2
2
11
1
8
4
7
18
307
1
2
1
1
2
1
1
41
62
1
15
2
17
2
3
1
4
1
7
3
1
3
6
5
37
2
2
5
9
1
1
1
1022
32
18
1
1
52
84
3
2
64
13
5
1
47
15
10
126
1
7
1
3
1
4
1
2
1
1
3
1
1
50
3
12
10
1
3
2
1
82
23
1
3
43
23
1
215
2
2
1
9
3
1
1
1
2
17
1
58
2
1
54
111
23
1
3
1
2
1
1
1
4
1
1
3
1
3
1
3
1
2
1
61
3
2
1
22
1
29
2
625
1
1
75
2
830
43
1
1
1
51
1
42
2
246
2
1
1
7
1
1
1
97
142
3012
33
33
202
1
1
8
1
3
9
3
4
1
2
1
5
2
80
1
1
69
3
106
1
9
4
24
18
6
2
1
1
8
1
7
4
4
1
8
1
4
120
698
1
1
2
4
1
2
2
27
1
1
28
5
116
2
3
303
2
5
88
25
1
5
3
2
6
5
15
4
1
2
1
3
1
4
2
43
1
47
4
10
30
4
1
2
37
11
90
2
1
2
1
1
537
1
3
1
1
4
1
281
23
61
4
1364
1126
17
11
34
6
1
1
5
1
4
5
1
13
2
1
1
1
4
997
8
1
5
49
2
8
9878
5
11
1
2
1
1
1
12
1
2
4
1
6
1
9
1
1
69
7
1
5
113
1
9
49
8
1
15
1
4
4
4
433
1
1
14
1
2
1
1
666
72
1
1
757
84
8
8
280
13
1
1
1
66
4
79
1
24
1
3
3
71
1
2
1
1
1
3869
133
1
10
23
38
1
7
6
1
2
3
1
31
443
1
1
1
419
94
1
1479
3
1
8
5
2
7
1
1
7
57
1
33
45
5
84
1
19
1
1
2
3
420
26
1
1
20
98
4
2
7
6
1
20
2
1
7
1
2
18
1
1
3
3
2
81
38
1
60
1
3
1
2
3
1
1
2
1
4
171
4
1
1
8
10
3
13
8
1
59
1
2
141
21
1
1
6
1
11
1
1
1
6
1
1
6
1
3
3
89
1587
1
1
2
1
1
1
1
11
1
3
1
1
19
1
2
1
2
18
1
17
3
2
1
45
67
1
7
8
28
1
1
34
1
2
2
1
1
2
1
4
1
1
3
60
1
11
3
2
1
1
4
3
105
1
6
9
2
5
3
1
1
1
1
8
2
1
5294
6
1
1
1
1
1
4
5
2
5
10
2
2
3
1
1
1
1
1
1
1
27
2
3
6
1
83
1
6
2
6
80
1
4
3
49
1
8
1
1
2
100
12
323
1
4
1
5
10
18
1
2
10
1
6
1
2
1
3
2
15
1
14
1
106
1
1
1
1549
23
5
2
1
1
3
101
62
4
1
1
8
2
1
19
1
3
1
1
79
1
5
38
7
9
8
1
5
1
2
1
1
20
1
1
2
1
1
3
2
10
3
2
1
26
1
25
27
608
1
2
1
1
5
1
2
1
8
1
1
123
4
3
2
1
1
1
1
1
1
1
1
1
3
38
1
1
1
1
441
2
31
3318
1
81
24
9
2
3
1
37
4
4
1
84
6
1
1
1
3
16
1
40
3
1
1
3
1
1
1
1
5
3
1
2
2275
1
2
1
3
1
1288
3
2
3
1
4
4
1
34
1
1
8
1
43
19
3
1
4
1
472
9
1
3
1
1
27
1
1
1
1
1
2
1
30
3
1
295
1
1
2
24
4
97
9
1
1
5
2
3
5
21
4
1
1
29
11
5
1
14
5
3
24
1
31
1
1
2
9
1
357
1
1
1
2
25
9
1
3
1
5
1
3
1
1
1
29
4
2
8
7
1
4
212689
8
1
1
45
2
1
1
9
13
1
7
2
2
3
72
1
1
3
1
1
1
1
1
54
2
5
1
12
1
6
1
11
1
13
1
2
1
1
1
1
1
1
2
16
7
1
2
2
1
2
474
7
6
1
9
1
1
3
2
1
8
146
71
1
12
1
1
2
17
34
1
40
1
2
3
31
79
9
35372
1
1
1
8
2
28
14
3
1
3
115
22
10
1
28
1
90
3
427
7
120
1
1
4
1
296
1
3
1
24
1
1
430
1
1
1
1
1
3
24
814
1
5
2
1
1
2
197
12
16
1
1
1
1
1
1
2
1
1
2
3
1
72
1
1
12
2
6
18
1
1
1
1
5296
22
2
25
1
1
103
1
1
1
3
1
1
1
5
7
40
1
1
1
2
14
1
1
2
2
40
669
9
1
1
1
26
1
1
1
48
18
1
1
2
18
1
106
3
1
2
2
39
8
83
8
1
1
2
1
3
18
8
4
14
5
1
4
2
1
2
11
1
1
9
391
1
7
1
36
3
1
18
221
234
5
1
2
19
1
1
1
3
3
1
1
1
1
1
1
1
22
4
87
2
323
17
1
171
3
1
407
2
1
1
5
63
1
1
1
1
1
1
5
1
3
301
4
1
1
1
1
6
2
2
3
12
1
1
2
128
5
10
2
1
71
5
91
6
1
1
1
1
6
1
3
1
32
1
20
1
1
7
2
3
1
1
17
3
6
3
2
27
1
1
30
5
40
4
1
61
34
1
1
3
1
975
5
4
9
4
1
3
1
1
3
8
3
1
1
1
2
1
57
4
12
1
1
2674
2
3
3
17
1
1
1
1
1
2
8
1
1
1
39
33
2
1
1
1
1
122
2
391
1
3
1
1
10
1
1
22
31
3458
1
16
7
1
6
79
17
2
1
1
4
9
184
72
1
1121
1
407
1
6
1
2
1
34
3
1
1
1
20
1
1
2
1
1
1
3
81
2
27
3
1
18
4
1
1
649
1
2
2
1
1
4
21
2
1
1
1
5
2
1
150
3
1
1
1
313
73
1
1
1338
1
2
1
12
1
4
1
3
1385
4
1
397
1
5
2
2
1
4
1
208
1
4
2
1
1
1
1
1
16
1
99
1
5
2
1
1
5
18
1
1
6
2
1
6
1
1
2
5
1
7
1
129
7
1
3
1
1
7
1506
1
1
2
7
5
1
1
2
1
1
11
3
1
2
1
1
2
4
310
4
1
1
4
2
1
2
1
1
1
1
1
2
5
2
1
3
1
5
3
458
3
1
17
35
75
21
597
1
1808
46
2
1
1
2
5
1
14
1
15
4
2
3
1
1
1
3
14
2
1
22
2
531
2579
1
1
106
8
2
3
1
3
25
1
1
7
116
32
1
6
1
23
1
1
1
8
1
3
3
3167
1
2
195
121
6
1
3
20
5226
1
7
1
2
5
4
2
1
2
1
1
4
1
1
1
1
1
6
11
344
2
1
2
1
1
1
5
1
24
1
234
1
1
4
1
2
7
1
1
2
5
28
2
1
1
333
92
14
1
6
1
3
6
1
1
1
2
6
1
20
9
1
1
1
1
5
1
179
6
1
1
1
1
1
37
1
1
3
52
4
4
3
1
24
4
24
59
1
1
3
2
1
1
2
111
2
1
1
7
22
19
21
5
1
1
1
3
2
1
76
510
1
42
7
1
1
1
4
8686
1
3
3
1
4
1
345
5
1
3
1
2
36
2
1
1
4
1
1
1
1
7
1
1542
1
4
3
3
1
1
2
1
1
170
4
1
44
137
1
109
5
63
1
2
1
32
2
2
2
1
3
1
1
1
8
3
1
188
1
52
1
1
366
1
5
1
3
271
1
1
27
117
4
1
5
1
2
1
3
11
2
5
1
1
3
30
32
18
7
5
1
58
20
1
20
14
1
1
14
88
1
2
1
3
3
148
183
1
1
1
1
1
2
6
3
42
1
17
1
4
1
207
3
2
1
3
1
3
3
8
1
5
1
1
121
41
4
13
4
12686
3
22
5
1
13
1
2
2
50
7
1
7
52
1
2
7
4008
1
1
1
1
1
2
1
58
2
4
11
9
21
3
14
11
3
1
1
1
2
1
60
2
1
1
46
6
9
1
6
3
1
2
1
1
3
2
2
1192
1
1
1
1
1
116
1
2
2
1
2
4
12
1
83
1
99
2
1
3
9
1
2
1
18
40
1
10
6
2
4
29
85
1
35
2
2
1
1
1120
1
2
1
227
1
1
2
4
3
1
2
1
44
51
7
1
2
12
4
2
1
1
3
1
9
27
1
4
253
4
2
55
4
1
43
27
2
1
1
5
3
1
1
1
56
11
2
4
3
6
3
5
65
2
1
1
1
1
2
285
1
1
1
4
40
3
1
1
1
1
1
3
21
7
1
8
1
7384
277
2470
1
1
2
1
125
1
127
1
59
80
85
1
1
8
7
668
20
1
2
1
1
3
2
6
60
1
25
4
1
55
4
19
14
50
6
1
12
3
10
10
42
1
1
3
24
1
116
1
92
5
21
114
1
7
101
1
1
1
11
122
1
101
13
7
1
2
3
1
6
1
1
5
8
2
1264
1
17
2
4
13
6
2
1
3724
1
1
3
363
55
1
1
216
46
42
1
1
9
2
2
33
16
24
72
1
1
1
120
3
1
21
1
12
1
9
1
2
3
1
32
245
47
1
2
1
1
4
3
2
5
1
1
12
2
6
1
15
1
7
1
1
2
1
1
1
1
83
1
5
1
1
1
2
3
1
1
26
27
2
1
34
22
24
1
19
1
1
3
209
1
1
65
1
1
191
3
1
1
64
60
2
97
34
16
1
448
44
1
2
2
1
14
17
1
2
10
5
1
3
4
5
1
1
5935
224
1
1
1
2
1
9
1
72
2
1
7
1
1
2
1
1
154
1
7
43
1
1
4
5
1
20
4
2
1
2
1
1
1
1
1
2
12
3549
3682
3
1
89
4
1
1
2
845
5
1
1
315
1
8
1
1
95
1
1
1
28
1
4
205
36
1
14666
2
9
8
1
5
25
1
1
1
102
1
1
1031
1
2
7
2
1
1
4
1
3
14
2
2
375
3
1
20
2
7
140
80
1
1
1
2
1
11
1
43
1
70
3
14
1
56
4
153
16
1
6
5
52
13
1
1
2
1
36
5
1
6
2
17
12
1
1
4
1
7
1
1
1
1
1
1
3
29
219
1
1
5
258
2
5
1
325
2
6
1
4
1
2
58
21
1
1
2
1
5
32
61
1
2
1
1
5
1
1
2
2
60
1
1
1
1
1
1
1
753
9
4
1
2
8
1
1
59
1
10
1
3
3
9
38
4
1
3
1
1
7333
3
10800
25
547
4
1
1
3921
1
79
2
36
1
1
1
1
1
2
1
3
3
5
98
47
1
1
4
6
1
14
1
229
3
48
3
12
3
1
4
2
4
3
18
12
8
11
1
641
13
304
1
1
3
2
41
50
1399
1
2
1
1
1
1
1
3
4
1
1
3
1
1
16
1
3
19
21
1
1
3
2
1
8
1
4
3
301
47
2069
1
1
529
7227
1
1
5
37
1
2
1
1
2
1
25
9
1
1
7
1
38
1
3
2
1
2
1
3
3
7
2
1
12
4
1
410
1
2
1
2
31
6
11
2
2
25
133
1
5
50
65
20
11
1
1
1
522
1
1
15
1
4
3
1
3
10
8835
2
1
11
4
1959
1
13
1
1
1
5
1
2
1
1
1
2
6
2
1
11
1
11
1
29
1
1
2
1
2
1
1
2
96
2
1
1
19
74
1
129
1
2
1
1
1
1
1
1
88
4
1
32
2
1
1
1
10333
58
19
1
29
1
1
300
1
1
2
1
3
1
15
1
1
1
1
1
1
869
3
1
3
3
4
2
4
169
7
2
3
1
2
125
1
40
1
6
1
4
1
223
2
13
1
14
56
1
1
8
13
68
5
1
1
1
1
2
1
1
3047
4
2
13
1
71183
331
224
45
4
9
1
5
2
17
1
3
1
1
1
5
76
16
25614
18
3
2
1
9
3124
14
2
1
1
1
1
4
1
2
1
2
1
1
1
1
1
3
2
6
1
4
1
3
1
375
1
1
136
6
1
48
1
1
3
1
3
1
2
7
1
3
1
5
1
2
1
92
1
1
2
1
2
1
1
1
1
1
2
109
12
2
1
2
3
1
1633
11
6
1
16
78
2
3
1
129
2
9
1
8
1
2
1
1
9
1
1
15
1
1
1
9
5
2
4
2
1
1
57
3
2
1
2
23
1
6
2
2
1
1
5
9
3
9
1
3
2
51
1
1
3
1
67
77
1
1
217
3
1
4
294
1
2
4
2
20
2291
1
2
1
28
8
2
1
1
6
1
102
1
1
1
4
1
4
1
2
1
3
1
7
1
74
25
2
323
2
2
1
1
24
4
21
1
3
3
6
1
1
9
1
6
198
552
13
3
20
194
2
18
2
13
3
2
1
1
4
1
1
2
5
8
1
107
1
1
2
10
1
3
5
1
2
5
3
4
10
1
392
2
5
2
13
1
3
1
1
1
1
3
1
1
2
8
3
1
1
5
1
10
4
13
12
862
8
1
2
2
6
1459
2
57
65
44
4
2
1
3
7
4
197
1
1
5
1
1
7
1
1
2
1
58
2
2
6
2
1
25432
5
1
9
1
1
2874
31
36
1
24
5
2
56
103
11
1
11
6
8
23
3
855
2
1
364
15
1
224
1
16
3
20
1
1
7
2
23
12
8
1
3
52
1
119
515
2
79
8
62
1
2
1
3
2
1
2
1
1
1
1
8
1
2
1
1
1
8
5
1
1
1
1
1
1
73
1
1
3404
3
14
222
1
382
1
22425
301
2
26
20
1
2
1
1
5
3
23
2
4
1
1
1
185
1
1
4
3
1
1
8
490
101
7
1060
1219
7
1
13
6
1
3
7
3
1
1
3
1
17804
3
1
94
38
1
94
8
9
10
3
3
3
2
114
632
1
2
892
3
2
1
1
9
1
79
1
4
38
1
5
5
1
1
25
2251
1
4
4
59
1
13
5
1
1
1
4
2
1
2
8
21
1
1
5
3
2
2
4
10
2
341
3
1
1
1
1
11
3
1
8
1
17
6
10
244
1
19
1
1
1
1
1
1
2
3
11
1
1
19
90
59
1
5
495
1
5243
1
5
1
10
1
93
198
10
7
1
1
2
1
2
20
3
3
5
9
11
1
1
1
11
928
7
1
9
1
232
2
4
5
21
1
11
142
5
1
1
2
1
3
1
1
1
2
2
1
3
2
575
1
19
1
2
1
1
1
2
2
10
2
1
4
23
1
242
1
2
15
4
35
761
1
2
10
11
1
2
7
1
1
12
1
3
15
1
15
43
6
1
4
3
1
5
4
35
2
15
1
2
12
80
10
15
1
1
22
9
1
3
1
2
5
2
1
5
1
4
2433
42
2
762
1
2
1
2
19
3
1
1
1
152
1
1
54
105
1
1
1
9
305
1
7
3
6
1
7
1
1
2
1
23
3
1
1
1
345
4
1
3
1
1
76
1
2
2
76
5
6
1
2
14
2
4
1
1
1
1
4
2
3
1
18
8
2
1
3
1
6
10
4
11
2
6
31
2
9
1
1
2
54
25
2
1
2400
1
4
1
1025
1
1
2
1
150
17
1
1
1
31
9694
3
1
1
5
1
3
1
1
1
1625
1
9
1
3
1
6
1
1
15
160
1
6
1
2
67
5
1
1
3
1
2
2
15
18
279
5
1
1
1
2
3082
1
1
7
1
1
1
60
1
1
1
1
93
1
3
2
283
21
2
2
1
1
118
1
1
4
1
3
4
1
1
10
1
6
1
7
1
1
24
1
2
20
15
23
1
1
2
44
1
2
1
11
1
49
1
22
1
4
7
20
22
1
2
5
21
1
2
2
1
1
2
2
8377
1
5
1
4
14
18
3
3
25
7
4
1
1
2
1
1
1
2
13
1
1
2
3988
10
9
2
2
3
1
4
1
26
1
1
12
1
10
26
1
5
1
1
69
330
10
6
1
1
1
1
2
1
2
12
1
3
31
1
4
130
2391
17
1
33
8
2
2
24
24
5
16
1
9
2
44
2
1
2
1
33
4
1
1
1
1
1
9
1
7
543
1
16
22
4
11868
5
13129
4
928
1
5
2
1
2
6
37
1
52
1
3
4
36
24
1
8
67
1
6
5
1
67
3
1
1
122
4
1
1
325
1
1
2
17
6
1
12
68
1520
1
2
2
9
61
2
89
190
2
3
128
72
7
1
2
1
1
147
1
1
63
4
1
49
1
2
1
24
1
13
1
1
1
2
1
1
1
293
1
2
211
1
2
2
1
1
3
1
9
2
1
104
5
1
2
1
1
1
2
27
27
727
1
5
1
2
15
1
125
2
1
1
2
98
45
5
13
39
1
1
1
3
3
4
3
9
1
1
1
1
13
1
8
1
9
5
1
4
1
4
1
9
1
3
1
1
2
12
28
47
2
3
1
12
6
1
48
1
1
325
3
1
1
1
28
1
2
957
2
16
2
1
91
1
1
337
2
2
1
14
1
35
1
5
1
1
1
1
1
3
2
1
3
2
1
1
2
5
3
1
1
1
1
48
1
1
2
1
1
4
2
1
3
8
1
1
3
2
9
69
3
1
12
7887
9
7
21
16
1
8
57
5
3
1
1
1
85
1
5
1
1
106
1
6
2
1
1
2
2
1
1
15
4
44
3
1
20
1
59
5681
7
1
8
11
1
5
16
8350
2
1
3
38
1
4
882
12
2
1
2
2
5
9
1
3
1
14
33
5
1
10
1
780
1
20
1
1066
1
2
1
36
3
5
1
2
1
51
1
1
120
17
4
111
1
15
4
1
2
1
1
1
1959
83
528
175
8
29
11
1
3
6
1
2
1
1
28
1
1
10
1
5
17
3
16
1
1
2921
14
13
1
1
2
10
1
38
1
41
28
1
4
16
4
26
1
2
1
1
1
3
1
7
3
1
41
1
27
7
1
1
1
5
1
4
1
2
1
7
4
54
1
45
11
1
5
5
1
118
30
1
1280
1
6
1
2
3
1
5
18
3
1
8
1
87
28
2
1
4
11
1
1
1
4
1
1
3
3
16
12
2
1
53
1
1
16
40
1
7334
450
17908
1
1553
7
7
127
1
229
3
4
2
155
8
1
1
518
65
2
1
1
332
4
7
2
4
1
5
2
1
3
1
4
1
1
1625
37
1
2
3
29
13
6
10
1
2
1
47
5
1
1
1
1
5
2
93
1
11
2
55
13
1
12486
1
1
36
1
2
1
4889
1
1
8
1
2
1
1
3
3
208
103
17
130
1
1
5
1
2
1
3
128
1
1
137
3
1
42
1
1
1
16
1
37
1
2
1
1
7
3
1
3060
1
1
1
1
6
4
2
65
10
6
1
1
8
1
27
2
1
89
1
1
19
3
2
86
1
2
1
9
1
3
1
3
2
1
1
1
92
4
1
1
7
5
22
1
1
98
2
406
1
60
7
2
12
1
33
32
1
516
1
2
1
1
4
1
1
1
1
1
317
160
16
5
2
1883
9
1
3
6
1
1
1
9
3
1
34
1
1
34
1
1
7
1
1
1
3
22
6
1
1
13
444
1
10
1
3
3
1
1
30
2
4
2
1
1
1
2
3
3
1
5
143
1
1
57
1
91
13
2
1
4
1
2
1
1
2
3
1
2
15
1
1
18
2
1
2
1
1
1
11
3
67
1
3
14
32
3
1
133
70
123
1
52
1
1
2
3
75
2
2
358
20
1
8
1
1
1
1
2
1
1
1367
42
11
1
1
13
1
1
10
31
723
1
1
3
10
1
1
1
17
3
7
4
1
2
7
1
4
413
1
54
1
1
2
1
18
2
669
4929
1
2
1
3
1
2
173
1
3
2
2
3
5
2
1
6
68
12
19
104
4
10
4
52
22
1
1
21
3
2
1
3
32
2
1
2
2
9
12
1
1
1
1
1
2
283
3
2
1
117
2
1
6
1
36
5
1
2
1
1
49
36
1
3
1
1
1
1
1
1
1
1135
1
3
1
16
508
2
16
2
1
7
918
1
488
1
816
1
2
1
2
2
3
3
1070
2
18
2
3
2
1
1
1
1
1
2
3735
9
1
18
49
3
1
30
18
2
5
6
2
55
19
7
64
36
2
1
1
121
1
11
18
6
12
4
2
4
43
3
78
1
1
67
5
1
224
9
4
4
1
1
2
1
1
2
1
3
1
2
1
1
1
6
1
3
1906
2
1
4
2
3
1
2
1
1
5
1
8
12
1
39
2
21
3
1
1
1
1086
2
1
1
1
30
5
25
34
2
23
2645
4
7
329
25
3
1
9
1
10
2
33
1
1
1
33
6
6
3
1
1
13
1
1
286
61
1
3
1
4
1
1
1
45
12
1
2
1
9
1
26
1
1
1
2
2
1
1
1
1
4
2
2
2
1
516
7
2
1
1
1
1
30
2
1
1
1
17
262
1150
2
6
2
1
1
4
21
3
2
7
1
1
2
24
10
14
7
1806
2
1
33
1
14
16
1
10
2
1
3
1
1
1
14
11
1952
1
361
192
55
17
1
1
566
4180
1
1
3
2
2
13
3
2
2
694
6
1
1755
720
237
3
4
2
1
2
1
1
4
1
1
16
7
22
1
1
1
6
9987
241
1
2
3
51
2
1
1
17
20
1
1
26
1
3
1
1
1
64
156
89
1
1
26
1
48
1
1
290
1
154
1
3
7
2
1
4
3
1
5
1
19
13
1
13
1
1
2
1
1
6
2
1
1
2
2
1
3
1
1
1
3
1
2
1
4
1
1
1
1
175
1
8
14
10
281
39
2
1
1
538
43
1
1
2
2
1
7
158
148
10
29
1
19
1
1
8
28
224
31
227
234
75
1
1
2
401
3
123
2
2
1
8
4
1
1
1
1
5
788
2
3
5
1
3
1
1
2
1
2
1
1
2
1
53
34
4
3561
13
160
4
59
1
1
1
1
2
48
1
4
1
8
1
6
1
1
198
3
168
1
1
1
3
2
2
301
14
15
1
308
220
2
1
63
1
1
233
16
1
3
1
4
129
2
1
21
1
2
2
1
3
41
1
25
2266
12
1
5
4
1554
202
15
1
3
1
1
248
5
2
1
1
3
2
4
4
1
1
4
82
2
1
2
13
1
13
9
1
1
4
1
1
1
2
1
1
1
2
1
28
2
10
1
3
7
7
1
1
2
7
1
1
1
157
9
44
2
2
4
1
1
1
4
2
12
2
69
1
5
1
3
2
44
1
16
1
7
2
1
2
126
4
2
8
27
189
2
2
1
43
530
1
1
6
1
1
3
2021
1
1
3
1
1
1
1
2
115
5
119
1
1
36
17
226
3
2
1
1
1
2
1
72
3
1
1
2
1
2
1
1
8
1
3
1
1
1
1
85
31
1
5
10
2
257
3
4
10
1
1
3
1
61
1
4
2944
6
3
1
27
1
6
3
1
1
180
48
2
2
7
1
1
9
4
4
7
1
999
11
60
2
6
1
1
2
1
8
2
1
4
1
1
1
93
1
1
90
1
2
1
1
8
1
1
1
8
12
27
1
1
1
43
33
6
1
2
6
1
2
405
19
55
324
2
2
531
5
1
52
83
1
1
1
1
1
1
2
1
1
1
52
1
53
523
1
1237
2
1
5
1
1
1
1
8
1
1
4
1
1
27
1
400
2
1
1
3
2
4
1
5
4
5
3
1
9
11
593
2
1
2
2
3
8
1
1
2
1
14
1
824
39
3
1
1
1
12
4805
7
1
91
3
241
1
1
6
1
1
1
2
1
1
1
2
1
15
4
1
53
8
1
4
1
960
3
5
3
1
1
893
470
2
4
30
1
4
1
1
1
2
3
2
1
2
251
2
5
4
1
3
3
3
1
24
3
7
104
1852
1
8
31
2
20
13
96
7
1
1
1
1
1
7
1
2
1
8
3
1
183
1
1
1
1
3
56
74
1
52
1
50
7
12
1
1
1
1
1
3
2
43
3
3
1
2
1
1
1
2
1
1
2
1
2464
1
10
1
92
3
1
2
1765
40
95
1
1
1
6
5
101
1
1
3
34
4
1
11
1
15
3
21
1
1
1
2
4
9
1
1
8
1
1
20
2
544
11
21
1
1
77
255
3
29
3
1
1
2
31
1
1
1
6
53
92
7
7
1
706
1031
2
1
1
76
1
2
2
1
5
1
294
2
18
1
2
1
2
1140
5
5
22
55
4
1492
55
1
4
1
33
1
136
2
73
3
3
2
6
6
1
3
2
2
104
73
18839
4
3
1
3
1
132
3
8
1
4
1
1
9
5
230
5
36
1
5
339
3
1
3
2
106
1116
1
4
1
1
1
8
2
37
16
284
5
12
317
7
3
12
2
1
1
1
1
1
3
4
1
4
1
2
1
21
1
2
1
2774
1
16
2
1
2
1
40
6
5
518
254
1
14
3
1
12
1
1
1
5
10
1
1
1
2
1
89
6
1
2
1788
1
538
20
71
1
1
28
4
12
1
4
72
10
2
104
5
1662
283
1
1
2
1
164
86
1
5
1
1
135
1
1
27
5
2
2
4
2
1
3
3
103
1
1
331
1
1017
1
1
2
19
1
3
12
1
1
15
1
1
3
1
1
1
1
29
14
3
1
12
1
1
29
2
1
4
1
46
2
6
3
3
1
1
3
46
1
4
1
7
18
6
1
3
1
1
2
1
1
8
129
1
15
3
2
1
1
16
269
24
1342
6
3
1
10
7
2
1
1
1
1
1
4
1
1
23
87
16
1
6
11
1
1
1
4
1
7
295
1
2
1
1
1
1
1
69
1
4
21
1
29
1
1
1
1
78
39
2
1
1
23
7
1
20
4
1
1
1
3
8
4
2
20
1
1
4
9
2
82
1
2
1
18
4
1
1
1
43
1
5
1
1
1
1
14
1
4
1
1
1
1
1
2
1
1
1
3
1
1
23
18
1
33
1
5
4
1
323
1
1
6
1
2
22
119
1
1
238
9
1
126
1
1
81
2
1
21
2
2
3
1
3
75957
3
932
23
4
1
3
4904
2
178
20
1
1
1
3
1
85
1
3
1
8
1
1
5
2
67
1
1
51
63
1
1300
1
1
1
8
115
59
8
15
15
1
2
11
2
22
9
4
2
171
1
1
1
1
2
3
2
1
1
1
1
315
146
1
41
2603
1
1
1
140
4
189
3
1
162
2
6777
1
41
5
16
1
1
6
1
656
1
2
2
1
7
1
65
40
1
9
13
25
8
16
6
6
415
5
3
21
3
1
1
1
311
2
1
3
10
1
177
54
10
1
14
18
22
1
1
83
2
6
1
2
1
2
49
3
971
1
1238
763
15
372
3240
1
1
14
10
2
8
6
1
1
31
12
1
89
3
2
20
21
2
3
1
1
5
78
1
51
3
1
1
1
6
19
1
2
1
1
1
1
3
1
1
1
1
1
2
11
1
28
1
14
4
1
1
1
1
3
2
1
1
1
1
49
1
54
1
7
1
52
6
3
11
1
8
95
3
1
130
1
2
4
301
2
2
3
1
2
11
4
2
2
1
13
1
1
1
95
2
1
3
1
2
5
1
1
3
1821
2
1
5
8
12
3
1
14
5
1
9
2
2
117
45
663
257
843
35
1
8
8
9
1
968
11
243
7
2
21
1
13
1
1
1
1
2
1
1
1
26
2
5
85
11
1
314
1
1
2
1
1
1
1
3
1
1
1
196
1
50
1
3
1
1
1
1
1
1
26
8
1
9
1
6
3
1
4
1
11
1
5
2
1
1
158
398
12
1
1
80
1
49
67
3
52
193
1
1
1
1
20
48
1
1840
1
1
1
1
2
2
41
2
21
4
49
4
1
3
1
2
1
1
3
34
10
2
5
4
1
1
168
2
1
1
1
18
1
3
5
18
1
130
1
1
1
2
1
1
17
2
1
89
1
5
68
1
9
3
4
2
24
1444
23
6
8
1
7
1
1
12
1
13
5
3
2
1
1
346
10
12
116
50467
8
16
66
31
142
1
1
3
20
28
1
1
197
126
1
1
1
7
7
1
1
1
1
3
1
5
1
1
1
16
5
1
12
4
8
1
3
1
5
25
1
1
1
897
4
1
125
1
2
15354
1
2
5
15
2
7
1
4
1
3
1
10
15
3
1
17
13
4
3
7
1
1
1
4
3
1
3
1
1
1
2
1
1
2
19
462
53
1
1
1
2
1
1
1
14
1
1
33
5
1
2
4
15
106
90
5
4
91
1
1224
1
1
2
5
1
1
1
30
1
101
1
3
110
2
2
1
37
507
1
1
1
3
221
50
1
1
7195
1
80
2
7
470
26
6
1
1
2
56
1
6
1
1
1
1
1
1
5
1
1
20
1
1
1
5
2
51
250
4
52
131
1
35
78
1
3
2
1
12
48
5
4
1
2
1
19
1
1
30
1
1
12
1
1
13
412
20
16
1
22
1
24
9
1
12
15
2
1
2
66
1
1
38
1
2
53
224
1
3
35
87
2
3
1
2
2
1
6
47
55
95
6
58
11
1
1
1
198
1
10
9
15
11
3
1
3
13
2
1
50
1
7
53
29
1
380
21
1
1
54
5
721
1
1
1
1
1
1
14
1
1
4
46
1
30
2
36
2
1
19
1
1
1
1
14
1
2
7
1
1
42
1
1
41
1
3
7
2
108
1
1
2
9
2
98
1
1
2
1
1
5
2
19
382
10
1
114
1
15
18
1
3
2
1
3
2
1
3
42
1
1
23
1
1
1
1
1
18
32
2
12
2
1
2
2
1
167
2
2
40
1
1
1
1
1
1
1
217
4
2
17
5
3
1
2
1
119
2
1
2
1809
1
1
1
1
1
230
2
3
140
1
1
1089
1
1
25
1
2
1
2
6
1
1117
1
1
30
810
132
3
7
1
1
2
1
1
1
1
7
5
22
1
87
3
36
3
1
82
3
1
11
1
1
1
2
1
1
9
1
64
1
1
99
3
413
1
11
1
1
3
30
29
1
13
7
1
1
320
1
3
1
1
1
3
5
10
1
1
10
1
1
1
1
9
1
4
3
16
1
1
6
1
1
1
1
8
1
1
1
1
1
1
769
1
5
1
8
3
4
13
2
1
2
7
163
5
2
1
1
3
220
18
3
1
59
11
1
1
1093
1
1771
1
2
10
1
6
1
1
1
7
2
10
42
2
6
1
3
1
4
71
1
7
1
1
3
1
3
5
5
5
1
1
2
1
2
11
1
2
7
1
1
2
1
1
2
2
7
1
8
5
1
1
1
6
1
6
34
2
18
10
2
3
2
1
1
1
24
1
6
1
20
1
1
1
1
1
2
3
1
2
1
188
1
11
27
5
1
5
1
1
1
5
1
5
2
1
24
1
1
7
4
2
12
807
44
2
1
3
1
2
2
21
18
1
1
5
2
16
4
1
3
12
1
2
1
2
113
4
3
1
2
1
1
1
4
1
51
37
1
3
3
2
1
271
2
1
1
1
1
7
3
1
2
1
7
2
2
1
97
4
4
2
6
4
1
1
1
1
7
1
14
153
1
1
1
1
1
41
8
1
1
2
2
4079
1
30
5
1
1
18
1
22
4
11
8
1
1
1
16
3
601
4
1
24
30
36
2
2
89
2
99
1
373
17
6
1
1
8
1
461
14
1
1
8
92
1
1
27
1
1
4
1
8
1
1
3
2
1
1
1
2
10
1
7
2
6
34
1
1
65
4
8
1
1
4
1
1
2
16
1
21
2
1
7
946
2
1
1
15
1
2
69
19
1
1
6
1
1
2
2
19
1
7
2
1
1
8
12
2
8
1
1
1
1
5
2
2403
16
3
3
3
1
1
11
1
1
1
10
1
11
1
2
1
22
1
655
4583
1
8
1
36
4
6
1
1
1
554
120
26
4
1
15
14
1
1
3
1
2
5
2
8
5
4
97
1
2
1
58
12
1
1
3
1
1
6
4
2
1
9
2
1
2
26
18
1
1
1
8
6805
3
2
48
1
26
1
1
1
211
5
1
4
2408
2
1
1
306
8
1
5
4
7
16
1
2
3
3
1
1
1
1
4
1
7
278
1
40
3
714
260
2
2
1
30
2
4
1
1
1
11
1
1
3
2
1
4
2
6
1
321
3
2
1
1
8
1
21
1
8
2
1
5
1
36
74
2
8
5
1
1
1
1
44
290
2
1
7
3
2
2
1
1
1
123
1
4
6
9
3
66
3
803
16
2
2
7271
1
2
29
72
2
1
1
1
1
106
2
5
42
3
9
2
1
15
5
1
1
2
98
1
1
1
6
1572
1
6
1
1
3
8
4
1
2
2
1
1
1854
2
2
23254
378
18
1
28
1
5
3
2
6
5
19
526
1
6
3
20
12
9
1
9
8
1
23
5
2
2
4
1
1
3
1
12325
1
1
2
1
1
85
2
1
3
96
2
1
1
18
1
116
24
1
3
1
1
5
1
120
5
1
10
2
2
4
1
4
112
2
1
1
2
1462
11
1
1
7
4
2
2
1
1
1
1
1
30
1
1
1
1
1
1
3
1
1
1
406
28
2
1
1
1
1
1
1
11
1
5
51
1
2
6
173
1
4
1
2
14
725
7
1
1
1
1
32
6
2
1
1
1
1
1
1
92
37
1
1
1
4
4
76
1
6
5
3
2
155
6
3
20
1
2
3
45
1
10
1
1
3
1
1
1
5
1
1
2
24
1
1
1
4
6
3
1
1
1
3
754
1
1
4
142
14
19
10
1
1
13
4
166
1
6
3
1
21
5
8
2
21
1
57
9
12
1
7
15
2
1
2
5
11
1
185
483
9
27
7
1
6
2
11
1
74
1
1
90
2
3
1
2
1
2
1
357
41
1
1
23
1
1
1
238
2
1
3
1
23
1
1
1
12
1
4
120
1
2
1
44
5
7
7
1
1
1
22
9
66
2
9
6
11
58
1
2
3
3
4
1
3
2
4
1
131
1
1
1
2
1
1
1
3
36
43
2
1
3
2
1
1
53
12
46
2
243
220
159
118
3
20
1
8
1
1
4
9
1
8
6
2
11
8
208
2
113
705
1
3
4
10
2
23
9
1
1
3
1
1
159
1
1
1
1
1
1
2
1
1
2
182
10
1
1
2
1
4
2
1
1
3
1
1
1
347
102
32
91
3
4
1
16
64
5
1
1
154
3
1
6
3
2
3
39
24
1
1
2
10
3
27
31
2
3
280
1
30
1
183
2
1
7
3
3
1
33
1
3
79
1
1299
1
2
1
1
2
1
4
1
3
3
1
1
12
2
231
4
48
1
88
1
7
1
3
5
11
3
18
132
1
5
27
1001
1
1683
2
2
1
3
112
20
2
2
32
1
2
68
1
1
2
57
1
2
4
2
148
1
1
9
1
2
1
90
1
14
1
1
1
1
20
1
2
2
1
2
1
1
1
1
4
6
1
3
11
3
68
11
1
3
2
5
3
2
1
2
8
2
1
1
1
1
14
1
2
1
1
3
28
11
1
12
1
1
1
1
1
5
2
1
1
33
4
3
7
49
17
3
1
1
37
1
36
3
1
3
7
82
1
1
3
1
181
2
1
8156
1
2
1
8
9
46
15
1
4
4
1
1
1
49
1
14
118
1
3
2
49
46
2
2
2
1
11
1
13
1
1
13
7
23
1
1
148
12
2
1
1072
1
1
119
32
1
1
2
12
2
19
1
31
1
1
6
2
436
3
1
49
2
1
4
52
44
4
3
1
4
74
96
7
1
114
1
1
1
749
1
3
143
3
1902
10
49
1
1
3
2
1
4
1
14
46
220
249
178
1
4
1
4
1
1
1
1
4
21
1
1
1715
1
1
5
13
2
1
1
2
2
3
1
2
1
1
2
4
3
6
2
105
1
1
167
7
2
4870
12
405
49
2
1
6
2
40
1
1
2
66
1
3
233
1
10
1
4
1
4
1
1
4
3
1
5
10
1
3
1
2
2
6
1
1
2
4
5
11
1
4
44
5
1
2
20
14
5
2
4
245
9
18
4
5
13
1
430
1407
1
133
1
13
1
1
43
6
1
11
1
1
2
2
1
1
49
1
46
509
2
252
7
1
502
1
25
1
159
1
3
1
1
1
1
1
1
1
8
13
5
3
1
1
1
1
17
1
1
5
1
1
12
17
1
1
2
8
3
3
1
9
2
1
2
2
6
13
10
7
195
1
1
1
2
585
39
1
3
2
12
1
1
7
1
6
1
3
5
169
1
65
9
530
1
1
1
11
2
1
849
3
2
223
29
5
2
1
22
10
1
1
2
34
1
1
1
1
307
1
1
9
1
1
49
1
1
27
19
195
1
830
3
1
1
2
1
11
43
4
13
20
1
1
849
1
28
1
3
608
1
11
110
2
1
378
1
2
2
35
1
1
1
6
1159
8
1
1
1
16
3
714
1
1
1
8
1
1
2
5
1
7
2
1
10
1
1
1
1
1
1
1
4
2
2
2
82
1
1
1
1
5750
1
1
1
1
7
2
1
44
1
1014
1
3
1
1
53
1
5
1
4
3
2
5
12
6
17
2
2
59
13
1
1
1
2
1
1
1
1
2
1
189
1
2
26
478
1
17096
2
3
1
156
1
2
8
2
2
2
2
2
1
4
15
382
1
1
1
50
7
1
5
350
74
27
3
12
1
1
2
1
1
124
1074
33
3
1
1
1
113
1
1
1
1
17
1
14
1
57
1
7
2
10
16
330
1
6
2
33
102
2
11
6
1
87
1
3
6
1
1
1
1404
203
324
1
1
5
1
1
140
161
1
22
5
2
916
2
2
120
2
4
4
2
10
1
2
2
1
7
2
14
4
1
4
215
2
3
1
1
47
1
1
4
1
25
8
14
1
1
1
1
7
2
49
19
2
3
4
27
2
1
545
94
1
1
4
30
76
2
11
2
1
1
3
5
2
1
1
11
7
422
27
4
1
33
11
411
2
1
1
20
2
1
1
1
8
2
1
21
2
24
10
52
2
1
1
1
4
1
7
5
2
1
17
788
3
1
1
6
2
1
1
4
2
1
424
2
1
1
3
1
2982
19
3
17
1
1
1
20
1
7
1
1
8
1
1
4
48
13
1
1
2
1
1
1
11
9
4
18
77
1
1
17
1
35
2
19
1
1
1
4
24
1
4048
1
4
459
1
7
1
1
1
3
48
11
4
8
5
1
1
2
1
3
3
1
5677
1
1
3
1
271
3
2
2
2
8
4
1
8
1
19
1
1
3
25
4
2
1
7
12
59
81
5
1
1
1
2
1
1
19
3
5
1
1
17
5
34
4
1
1
5
1
2
35
1
1
7
1
2
1
1
1
14
96
5
11
1
34
5
2
2
1494
3
1
1
3
4
1
1
4
3
1
1
5
37
9009
2
1
53
5
1528
1
2
170
8
1
2
2
1
1
14
2
8
120
4
2
775
3
1
1
2
9
1
1
2
121
1
1
23
16
6
1
2
5
6
1
3151
1
1
1
1
4
2
15
1
43
1
38
1
211
3174
17
1
8
488
1
3
5
27
2
2
4
4
2
2
3
21
2
35
1
3
2
1
1
7
3
1
1
1
7322
2504
1
1
1
1
395
2
1
1
5
2
1
3
1
16
1
2
64
1
1
226
9
1
1
3
3
4
28
16
1
2
1
4
4
2
4
498
817
183
7
4
38
2
65
19
23
128
1
21
2
17
2
1
1
19
1
1
1
2
25
2
1
519
1
146
1
93
1
5
1
1
2
9
2
11
2
1
1
4
1
1
5
1
8
1
5
12
1
1
34
1
12
1
1
1
3
3
5
9
1
39
187
1
11
9
1
2
1
3
1
4
1
6
89
3
8
4
688
8
2
2
1
1
1
6
6
1
1
1
1
9
1
8
2077
2
10
1
943
1
1
72
2
2
1
1
1
10
1
28
2
1
1
2
1
4
2
1
9
1
2
1
2
2
469
1
7
3
48
1
1
2
62
2
1
1
4
2
1
5
59
1
442
2
80
146
155
2
1
1
21
1
156
118
1
1
28
9
1
19
445
3352
1
1
1
17
1
1
1
1
10
1
1
1
1
1
1
16
1
1
122
14
2
5
8
16
9
1
1
1
2
1
23
3
2
5586
1
3
505
551
2
3
1
1
2
1
5
2
1
1
3
1
19
19
1
5
1
155
2
2
346
3401
3
4
2
1
1
42
1
1
2
1
1
30
2
1
1
1
143
3
1
3
9
4
740
1
2
1
1
2
91
131
5
1
1
2
20
1
5
1
1
22
134
56
2
1
35
3
1
1
3
1
4
1
2
250
20
661
1
24
2
1
28
1
4
86
1
1
1
39
81
51
1
39
1
12
2
1
1
7
4
6
2
1
2
50
44
1
1
5
1
41
74
2
1
3
5
1
1
1
1
1
551
1
42
1
1
1
4
6
1
1
1
1
1
3
80
2333
63
27
1
399
13
1
17
1
2
2
167
2
388
1
3
25
1
2
18
1
2
5
1
55
15
9
1
2
1
86
43
5
1
13
1
107
1
65
2
1
2
2
1
58
1
2
1
8
14
16
1
7
3
1
16
2
17
213
11
1
1
1
1
16
2
1
50
20
202
1
203
1
1
1
1
3
4
1
14
1
190
3
10169
636
331
4
138
1
1
1
2
1
1
28
2
1
41
1
1
1
26
8
16
1
1
8
1
73
16
32
262
1
4
1
825
1
37
1
2
1
2
1
4
1
1
938
7037
4
1
2
1
14
1
18
1
1
1
1
1
13
8
6
1
101
18
1
175
39
4
3
1
7
1
3
7
2
1
1
1
7
14
1
1
2
1
28
1
1
15
3
2
4965
38
12
1
1
14
1
2
1
1
1
365
17
1
1
1
1
1
17
1264
54
36
1
1
3
58
1
1
18
1
1
23
2
1
1
34
5
1
8
1
14
4
1
1
1
9
1
1
3
348
21
15
1
8
3
1
1
3
1
879
1
4307
1
3
42
1
1
1
1
8
3
2
5
14
2
17
7
3
5
3
5
1
17
13
10
1
1
2
8
4
3
1
1
5
1
9
56
93
1
1
6
40
2
52
3
4
1
10
135
1
13
1
73
1
30
1
75
7795
3
1
1
4
2
390
1
1
36
54
18
3
1
1
12
2
1
2
408
5
1
2
1
1
44
5
1
1
2
1
1
10
138
1
1
1
10
1
2
3
1
3
1
1
4
1
75
11
207
3
1
3
4
1
8
87
34
1
18
1
11
19
1
151
9
6
2
3
3
29
9
7
1
39
1
1
2
2
22
26
45
1
11
1
1
26
5
1
7
2
4
1
18
1
8
1
1
5
44
3
5
113
2
70
7
1
1
3
5
1
1
21
1
2
42
22
130
1
3
126
16
2
69
152
3
137
2
19
5
1
23
1
1
3
562
17
1
49
18
2
46
1
1
13
4
85
32
3
1
4
14
2
6
3213
1
114
1
1
50
1
1
28
1
2
2
22
2
1
178
5
1
50
1
2
842
2
2
3
1
69
5
10
1
1
1360
8
12
1
2
57
1
17
2
2
1
3
6
51
1
3
6
1
3
6
1
1
24
253
1
5817
58
1
1
77
20
2
348
165
4
1
1
54
65
1
11
1
1
1
1
1
80
5
1
1
2
175
8
9
2
1
1
2
2
6
1
1
3
1
3
66
26
1
1
7
1
1
3
7
11
1
77
34
2
1
1
10
1
9
53
5
1
1
1
1
1
1
6
10
1
1
2
31
1
1
2
123
32
4
9
14
1
11
1
2
41
30
92
2
1
1
374
3
1
2
1520
3
1
27
27
13109
3
10
5
7
3
16
75
1
1
190
25
1
2401
1
7
85
1
1
1
3
1
180
93
1
1
1
1
1
2
1
7
37
7
1
1
9
35
94
1
1
33
1756
35
12
3
623
1
3
3
183
7
40
1
1
1
2
2
326
1
2
1
1
25
1
8
16
1
2
1
2
18
1
4
404
11
1
1
1
1
9
1
2
2
9728
1
20
4
1
2
107
1
1
1
1
1
2
37
1
166
1
2
1
1
1
1
1
38
1
35
1
6
1
1
1
5
1
43
1
10
90
22
1
1
1
1
2
1
2
160
1
2219
1
1
11
1
1
1311
1
1
1
1
1
248
1
1117
25
4956
45
1
1
5
3
1
431
1
1
1
22
5785
26
2
1
1
1
48
8720
55
14
2
1
1
14
1
5
7
2
1
1
6
6
9
27
47
1
2
1
2
1
1
9
193
2
2
1
9
1
2
197
33
1
3
1
5
17
3
1
124
4
4
37
2
1
1
10
3
1
1
1
1
1
1
1
3
641
4
2
46
3
1
3
3
2
2
3
112
3
1
13
2
1
11
1
36
46
7
11
5
1
1
113
3
34
1
1
3
1
1
4
2
17
1
1
4
1
1
1
18
33
168
271
5
2
1
2641
1
390
9
1
2
6
1
16
133
6
1
616767
114
49
1
6
58
4
11
11
35
1
7
3
2
5
6
1
1
1
58
3
2
6
22
166
109
14
6
60
1
13
1
1
14
126
3
2
2
1
9
1
122
1
19
1
12
1
34
1
1
57
1
3
136
1
9
2
26
16
1
8
16
52
1
414
57
49
26
1
1
26
3
17
1
3
2
1
2
10
12
2
108
1
456
62
2
1
1
1
1
1
4
2
6
1
4
7
1
138
53
37
2
1
81
1
1
15
8
12
1
5
4
1
3
50
1
1
2
1
3
1
2
32
3
31
31
4
2
1
1
2
90
1
334
1
8
17
3
1
1
28
7
59
1
1
2
820
23
1
2
1
1
4
16
6
4
24
2
1
1
7
1
1
14
2
8
1
14
12
73
3
9
12
33
5
2
2
1
4
26
7
479
1
1
10
1
81
2
1
20
60
1
2
1
6
1
1
180
5
2
11
8
1
1
2
30
2
1
1
1
8
10
1
1
1
1
1
1
2
1
1
399
3
202
25
108
7
1
3
1
2
8
266
55
2
1025
1
50
1
2
1
12
1
4
277
1
1
42
17
1
1
1
1
1
1
17
1
1
5
1
1
265
1
11
1
3
14
1
1
1
2
1
1
2658
5
10
9
353
2912
7028
80
5
11
1
1
2
3
2
2
2
15
3
1
7
1228
8
1
5
1
3
22
1
1
38
44
14
1
18
6
582
2
37
3
60
535
1
127
7
2
1230
1
1
5
7
1
3
1
1
1
7553
1
2
2
2
7
2
1
2
2
1
1
1
1
587
14
2
1
1
1
1
5
2
55
505
4
1
3430
1
1
1
2
2
2
1
10
1
1
69
27
32
1
2
90
4
20
2
1
1
1
34
35
4
1
207
4
194
1
1
20
7
1
13
404
1
1
1
30
6
40
1
5
1
2
1
10
3
3
43
7
1
1
1
109
168
1
4
2
7
4
1
511
16
2
2
1
1
2
2
13
1
1
2576
1
107
1
422
22
1
4
2
94
7
1
18
5
1
2
1
7
1
1
2
1
2
35
1
1
2
753
1
1
1
1
6
4
1
1
181
1
1
1
2291
80
26
1
11
1
1
1
1
103
1
48
8
49
3
3
1
13
1
1
4
1
1
1
1
1
1
64
1
1
20
1
5
211
1
1
5
12
3747
50
1
1
1
3
139
2
3
4
1
40
3
9
12
1
1
1
9
2
11
45
1
1
2
1
1
3
3
18
5
970
7726
4
2
1
1
1
470
2
1
1
1
1
3
1
5
1
2
1
1
7
2
4
3
1
583
2
57
509
1
4
119
1
1
1
5
5
211
3
1
2
1
6
12
2
1
1
64
93
1
110
1
3
1
1
5
35
3
140
1
2
1
1
157
9
1
1
1
10
42
1
4
1
1
4
5
1
1
2
3
1
9
1
12
6
1
4
1
1
1
3
4
2
11
1
1
2
1
12
1
3
1
2
1
628
5
8
13
1
1
13
1
1
9
2
5
1
1
18
1028
1
5
1
4
1
34
2
5
5
1
1
27
176
3
4
12
1
1
62
132
1
1
1
9
1
7
1
1
14
9
5
14
3
1
1
1
2
46
2
1
1
7
1
2
3
1
1
1
197
2
790
4
10
136
1
46
110
18
3
3
53
4
40
1
4
5
1
1
1
1
2
1
2
2
4
1
7
1
79
1
246
1
29
1126
13
9
1
2
62
274
148
1
1466
6
1
180
4
1
2
3
3
1
1
43
1
1
1
1
7
6
1
1
191
1752
6
10
1
2
24
57
1
4
2
3
1
8
1
1
7
72
20
3
1
2
14
3
2
1
3
2
2
7
2
1
2
8
1
1
15
11
1
2
2
1
1
2
67
1
1
6
19
18
2
9
248
1
1
4
4
1
3
26
4
2
1
1
6
6
55
30
1
1
1
5
55
1
6
4
12
2
1
22
2
1
1
1
27
3
2
106
2
361
6
1
1
2
1
1
1
1
1
1
1
1
1
1
7
1
5
1
1
2
1
242
33
447
1
4
30
1
1
18
1
1
2
1
52
100
1
3
4
2
1
1
1
1
1
6
1
1
5
8
13
1
616767
47
6
1
11
91
1
3
1
21
1
103
2
1
3
7
4
4
11
1
4
1
364
2
14
3
1
2
1
4
1
3
181
1
3
23
13
1
14
1
1
2
12
1
13
1
3
6
1
1
1
10
1
10
1
5
51
3
11
2
1
2
1
2
1
190
2
12
2
4
148
10
1
133
22
1
1
1
3
1
1
1
18
1
1
3
1
1
1
1
12
1
5
5
1
1
2
1
4
2
3
2
2
2
2
1
1
4
36
2
1
1
56
1
1
2
2
2
2
1
1
3611
11
3
394
1
11
1
61
14
3
1
1
1
1
717
4
1
9
1
224
25
14
4
1
1
14
29106
1
3
1
1
15
1
1
1
1
64
1
1
1
5
4
1
56
4
1
1
7
8756
1
6
34
28
1
9
12
3
1
11
7
4
1
3
1
1
29
254
5112
2
78
2
11
3
3
2
33
6
3
1
13
1
200
12
1
1
1
10
3
11
6
1
1
1
1
1
4
47
1
1
1
127
68
1451
44
1
1
29
1
192
87
14
4
1
1
1
1
1
9
6
1
1
1
36
3
1
4517
44
5
1
1
3010
1
1
1
14
2
52
1
11
3
12
7
1
105
7
1
1
1
2
1
2
57
2
1
1
15
2
3
3
81
74
1
36
18
1
1
1
1
1
1
4
1
24
2
6
1
10
24038
6
6
21
1
1
1
30
18
1
1
4
3
5
1
48
1
1
3
237
28
1
1
1
10561
39
2
75
1
6
2
179
1
29168
51
5
1
170
2
1
1
5
1
1
1
1
2
1
3
1
8
4
48
2
1
1
13
5
1
1
1
1
438
801
23
1
7
4
74
7
8
1
1
1
1
1
12
1
1
1
13
1
1
1
1
1
1
1
1
2
9
5
1
212
66
99
1
11
1
1
1
1
1
2
14
3
3
1
356
1
881
1
11
142
286
26
2
1
2
1
1
1
28
1
178
2
10
3
54
1
1
1
1
290
1
1
1
3
63
1
21
11
1
2
5
2
1
13
2
2
2
3
16
46
1
1
1
3
5
1
16
1
2
2
1
1
5
5
16
3
13
1
16
72
42
41
3
1
15
1
1
1
1
16
1
160
1
1
695
241
8
1
3
71
1
20
8
1
2
6
1
1
16
58
2
1
1
1
4
4
2
1
61
11
12
3
9138
1
1
1571
1
21
1
6
1
1
4
51
106
2
31
1
1
1
2
2
12
1
1
1
8
1
1
319
1
3
2
3
5
12980
1
1
1
42
1
61
1
4
1
1
1
568
1
432
1
77
14
1
10
2
11
199
6
2
1
2
1
1
1
1
5305
3
1
52
1
4
18
2
2
2
1
12
1
852
1
1
2
6
56
183
192
12
5
7
1
16
2
27
1
1
15
4
253
2
1
11
1
1
3
1
6
4
1
2
1
6
1
1
5
8
1
7
2
1
1
1
1
3
6
2
1
1019785
1
1
3
1
1
394
1
59
5
1
1
1
9
1
9
1
14
2
4
35
1
5
188
1
8
23
1
3
94
627
3
1
1
3
2
1
263
2
14
2
6
1
1
1
1
2
5
2
8
1
2
2
24
12
1
1
4
1
1
19
7
1
1
1
2
1
1
35
13
3
5
1
6
1
1
1
1
1
202
1
1
3
1
1
1
384
1
1
2
3
434
2
1
2
4
7
450
1
1
1
6
1526
40
2
2
4
7
13
2
1
1
1
276
1350
2
37
1394
2
1
1
1
1
2
1
1
6
1
1
195
1
1
1
33
1
21
1
20
1
1608
2
1
1
1
4
6
51
2
1
9
3
853
1
1
1
1
1
5
2
1
1
176
4
9
1
2
2
30
1
1
1
5
3
3
2
8
1
1
15
1
2
1
1
15278
1
2
4
51
41
6
4
1
32
8
488
2
1
13
1
1
256
1
277
1
4
1
2
1
2
1
13
6
11
1
2
1
1
1
57
1
1
1
1
67
1
1
55
1
2
4
1
1
1
2
90
15
4
2
35
6
1
3
410
7
21
25385
1
46
15
1
2
2
8759
1
8
3
18
22
16
1
1
2
2
3
11
1
1
362
10
2
1
9
1
1
1
305
1
1
1
5
4
20
1289
1
5
4
14
61
4
1
1
1455
6
36
9
1
2
1
31
1
1
10
2
2
3
1
1
171
125
1
18
14
1
1
117
3
2
44
5
1
13
20
20
1
1
3
6
5
14
1
1
8
1
69
1
3
4
2
1
1
75
4
1
34
1
34
1
1
1
3
1
16
8
2
12
2
1
152
1
1
4
1
6
2
1
1
1
2
1
2
833
1
1
1
5531
944
1
27
2
1
184
65
1
3
1
2
3
8
20
3
1
1
1
1
79
1
1
3
3
1140
1
5
1
2
1
2
1
6
1
16
17
2
1
1
3
1504
1303
2
2
920
1
1
3
1
17
1
1
1
1
1
1
1
13
3
2
1
7
5
2
1
3
1
9
132
1
7
23
29
6
2103
1
1
34
4
39
20342
1
8
1
1
5
6
1
29
1
14
2
6
1
78
101
1
3
1
7444
60
60
4
28
1
18
1
6
44
1
3
1
1
1
1
1
1
104
17
2
1
1
23
2569
15
4
3
1
1
193
300
1
13
4
1
1
1
1
1
285
1
42776
2
1
6
10
1
11
3
75
1
33
7
30
291
1
1
1
43
13
841
3
1
21
4
1
11
1
223
4
1
51
5
1
33
13
40
2
19
5
28
2
380
1
150
5
1
1
8
6
40
2
15
12
1
2
29
12
1
6
1
1
1
6
1
11
44
1
26
1
1
199
1185
3
8576
83
3
4
80
2
2
1
1
1
18
22551
2
3
1
28
3
3
1
1
1
1
1
6
8
1
66
6
1
97
2
1
17
2
1
1
6
1
1
10
1
1
1
1
7
12
1
1
1
124
1
12
16
37
21
6166
31
1
1
1
1
1
139
3
8
3
1
1
4
1
12
1
1
2
1
13
2
1
18
13
1
1
3
7
13
6
3
6
1
1
1
87
1
5
1
32
14
29
2
1
1
1
118
11
326
1
4
9
1
4
1
5
1
4
1
6
5
15
1
1085
1
1
2
35
1
1
19
1
9
1
24
153
1
5
347
3
1
3
13
1
1
1
1
33
8
2
2
1
22
1
3
1
1
8
1
3812
1
4
3
30
4
4
2
45
47
4
1
1
10
3
3
3
1
1
1
10
1
1
1
2
1
2
96
1
7
1
1
1
4
17
2
3
3
10
75
4
104
21
1
13
7
4
1
1
1
1
68
1
2
1
22
1
10
116
152
48
109
1
1
4
1
2
46
77
1
47
2539
1
2
38
17
2
1
2
1
1
2
1
1
23
2
5
12
1
80
1
4
2
1
5
6
20
1
1
1
332
1
39
178
1
1
604
1
1
95
223
242
14
13
1
5
1
8
6
2
1
4
1
1
10
44
1
1
11
5
1
3
2
6
86
17
1
1
1
5
1
1
30
7
2
7
5
1
1
1
12
2
2
1
9
1
4
1
9
32
24
5
3
1
2
1
6
1
1
2
2
2
1
120
21
2
1
1
1
1
6
5
14
1
1
1
263
2
3
1
3
98
37
1
1
1
1
2
5
1
3
1
1
12
3
3
203
1
8
1
23
39
1
2
2
3
1
1
72
3
6
2
1
1
5
100
2
2
2
1
3
2
1
209
19
1
14
1
1
10
2
1
1
1
75
10
1
3
1
1
10
1
166
2
119
1
1
1
6
2
10369
2
2955
2
1
1
2
5779
915
6
1
1
211
1
2021
69
4
2
1
13
1
3
3
1
2
1
1
1
8
2
473
55
1
21
1
9
2
2
1
2
9
4
2
1
1
1
1
2
1
1
2
1
29
5
3
5
2
1
1
3
1
11486
86
116
1
7
2
3
1
3
23
1
1
1
1
22
110
28
9
107
14
2
138
2
1
8
1
588
3
31
1
1
1
1
1
1
1
1
1
7
19
6
4
1
4
11
3
992
1110
1
1
1
3
3
1
5
3
6
1
1
1
1
6051
1
463
3
3
27
1
11
1
51
8
5
1
8
12
1
1
1
6
2
1
46
2
1
1
1
6
2
2
1
35
506
1
1
1
1
50
2
1
1
31
1
1
1
1
1
13
1
1
1
1
2
4
1
1
39
289
1
1
839
3
11
1
60
15
1
1
1149
1
11
19
3
1
2
1
1
158
2
3
5
11
14
1
58
9
431
3
9
21
1
1
2
1
3
3
1
1
1
1
1
1
1
99
3
1
8
68
23
7
21
1
207
36
1
5
2
5
1
37
1
1
1
1
94
1
79
1
1
1
1
4
4
729
1
3
1
336
9
1
81
1
2
4
1
2
7
2
2
44
1
2
1
1
2
1
32
30
1
2
8
10
1
257
1
14
7
2
223
1
1
912
2
1
7
11
1
11
738
2
47
2
39
87
1
99
3
139
1
1
2
1
5
1
14
1
12
3
1
1
18
15
29
3
132
1
1
1
2
8
1
1
5
9
7
1
70
137
2
53
1
1
1
1
4
1
1
2
1
1
2
1
2
1
1
1
4
2
9729
70
1
7927
2
1
3
8
1
2
10
43
3
1
1
2
1
2
6
518
2
6
6
1
1
1
6
1
2
1
8
1
1755
5
20
2
1
1
3
6
34
138
1
30
8
1
46
22
2
1
33
3168
1
9
1
1
1
2
2
46
40
1
1
2
1
24
3
2
2
1
130
48
3
1
4
51
62
4
1
5
1
1
5
2
1
1
4
15
69
1
1
8
1
3
3
1
1
1
60
2
119
2
3
3
2
1
26
1
121
1
1
14
27
1
35
1
1
15
2
446
2
2
1
753
5
4
1
1
197
1
1
28
3
1
1
1
126
1
6
1
1
1
2
4
949
5091
1
11
4
249
88
1
3
5
158
5
14
1519
23
240
2366
29
1
13
2056
1
1
56
3
1
1
6
31
1
1
1
13
8
6
1
1
24
1
1
1
132
1
3
960
30
3
1
12
1
286
3
6
1
4
7
1
3
2
1
13
1
1
20
90
1
3
67
2
5
1
2
1
1
2
2
5
1
1
1
2
1
1
5
3
89
47
1
3
10705
20
22
2
41
1
4
1
12
5
1
9
2
20
2
6
57
36
1
1
534
1
1
1
1
1
1
2
14
1
1
1
2
32
22
47
4
1
13
1
13
2
1
1
2
1
15
19
1
86
2
1
1
1
3
14
1
1
18
1
23
2
2
1
1
11
3326
16
1
1
5
2
1
1
7
10
1
241
1
1
8
17
190
19
1
1
1
1
3
106
20
42
26
2
9
1
11
11
10
2
7
1
2
8
1
17
2
190
71
2
1
1
116
1768
21
1
1
1
1
6
59
1
3
150
1
3
2
37
2
7
26
1
1
1
1
1
1
2
3
4
40
1
232
1
2
1
1
104
1
2
3
1
10
3
3
4
7
1
2
3
2
1
6
10
26
633
20
1
1
7
2
3
115
39
2
1
1
4
1
1
1
6
1
1
8
1
10
1
2
341
1
33
1
1
17
71
1
5
51
2
1
3
2518
15
1
1
15
1
134
1
1384
2
3
1
1
27
1
1
3
6
108
11
2
14
1
1
2
1
1
37
1
1
1
1
634
1
2
1
12
6
1
18
1
2
2
7
17
1
106
4
1
29
1
2
131
10
42
1
13
404
104
1
1
20
1
1
5
5
5
1
1
3516
10
1
1
1
11
2
7
1
4
3
4
236
97
1208
1
1
56
42
835
1
12
1
31
8
2
1
1
1
1
3
1
2
2
35
1
5
1
2
1
30
1
18
6
1
5
1
1
1
2
4
1
6
22
2
8
5
1
6
8
1
8
8
4
8
1
1
1
1
11
5
3
172
3
4
16
1
1
1
1
2
421
3
1
90
1
1
15
21
1
2
1
1
1
1
1
1
1
6
1
44
7
13
1
1
53
5
1
407
10
1
44
1
1
1
9
1
2
5
3129
25
8
1
164
7
1
1
1
5753
6
1
48
148
1
75
1
17
1
1
11
1
1
1
13
1
98
1
1
1
1
5
2
1
4
149
1
65
1
38
3
1
38
1
1
343
1
6
2
2
49
3
1
1
1
2
2
1
1
1
316
1
1
1
1
1
4
5
5
130
9
16
2
21
1
415
1
1
2
1
37
52
1
2
12
4
1
2
5
78
1
642
32
1
6
1
1
1
1
1
1
5
4
1
1
15
45
1
1
1
7
1
1
1
8
5
6
255
4
14
2
23
5
1
1
6
1
1
6
7
1
1
11
1
1
2
2
9
1
1
3
3
1
40
1
3
2809
4
1
8
1
1
8364
1
1127
42
47
30
18
9
3
1
17
2
3
107
55
1
1
1
9
3
1
21
1
7
7
2
1
3
1
237
1
2
2
5
70
1
1
1
13
2
574
54
73
3
2
1
28
212
21
24
396
1
386
1
64
2
9
1
1
405
68
3
48
5
1841
4
1
3
4
2
2
1
22
2
137
4
2
1
76
2
19
2
1
9
1
1
3
1
3177
1
1
4366
1
112
1
1
1
1
1
1
127
1
2
1
1
2
1
2
1
168
25
2
97
1
1
1
18
7
3
52
16
1
1
2
2
3
3
15
6
9
31
4
17
6
4
2
1
1
1
2
1
4
1019
1
29
7
1
1
2
1
1
3
3
18
2
43
8
2
10
2
2
115
39
1
52
7
4
1
1
1
17
2
1
1
16
7
3
1
1
1
25
1
337
1
1
1
1
108
6168
1
94
54
1
1
1
3
1
177
1
1
55
30
2
126
9111
1
1
39
59
1
4
168
17
910
1
1
14
1
4
1
1
17
1
1
5
1
1
4
1
1
109
4
1
6
201
1
1
1
5
1
4
2
1
41
1
1
7
58
32
1
2
5
1
4
1
3
1
3
2
26
1
59
1
1
65
31
2
5
70
272
542
8
9
2
1
4
46
1
5
3
1
1
12
1
4
1
1
4
3
1
1
15
40
5
7
10
1
1
3
2
1
18
224
283
36
21
15
8
15
1
1
1
2
1
2
6
1
1
1
1
3
1
26
18
6
907
4
2
1
1
148
18
7
10
2
11
5
5
78
7
1
6
1
4
18
2
3
2
1
3
10
1
134
2
13
158
1
1
16
12
9
4
5
1
1
3
14
9
3
64
4
1
5
1
2
7
25
6
1
1
1
1
18
10
1
155
1
2
10
44
537
75
6
1
43
84
1
2
4
1
4
1
1
5
10
1
2
1
1
3
2
1
1
2
3
2
2
1
1
1
10
4
5
91
1
18
2
111
2
5
1
28
1
1
6
33
27
1
13
3
1
2
1
88
1
7
1
916
1
196
1
24
1
3
66
6
1
8
3
1
4
1
2
323
1
1
6
6
5
1
2
1
8
7
87
18
3
1
3
1
14
1
24
11
1
96
1
8
6
1
1
1
28
1
8
17
67
2
2
1
2
19
8536
1
3
22
5
62
1
3
1
4
1
488
7
1
9
1
1
4
2
260
1
1
179
1
50
99
628
1
3
49
62
3
1
1
6
4
1
2
3
284
1
1
1
1
13
10064
1
5
6
29
10
3182
2
1
1
1
1
437
44
2
1
2
1
1
1
1
2
1
100
2
49
1
151
21
1
7
1
3938
347
1
1
3
11
3
1
103
332
22
1
4
1
2
1
11
1
253
60
1
34
1
1
2006
1
1
8
1
1
17
1
25
1
1
1
2
5
1
4
1
19
6
3
5
7
1
101
1
119
28
1
11
2
3
1
13
1
2047
561
7
1
5
1
1
1
1
3
1
1
46
4
26
2461
156
3
1
1
6
1
75
18
1
17
4
1
1
1
1
1
1
1
42
4
1
1
1
17
1
1
138
1
204
1
1
11
1
2
1
2
2
2
9
1
1
968
1
2
3
2
105
106
1
2502
306
8
2
2
6
1
1
16
1
15036
1
1
1
6
5
1
1
1
473
1
48
1
110
15
1362
1
45
1
4
32
4
60
1
2
1
1
1
1
4
1
1
1
1
3
80
1
6
4
1
234
1
10
5
1
26
1
1
42
4
1
1
9073
1
1
60
1
1
2
206
1
9
1
1
41
1
8
1
1
13
2
1
1
2
4
3
1
8
10
2
1
2
3
1
2
9
3
1
1
2
4
2
3
16
2
5
3
18
5
18
21
27
1
1
14
2
13
6
2
3
3
49
3
66
2
1
4
20
2
1
1
4
100
136
1
1
89
1
40
3
57
2
7
1
2
1
1
4531
143
1
2
1
1
1
114
1
15
1
1
1
1
66
110
2
1
1
67
11
3
1
35
1
118
2
18
117
1
19
2
4
23
1
1
1
1
1
3
1
928
2
95
2
5
1
1
1
3
16323
2
85
1
9
3
1
2
2
4
1
1
1
1
2
1
1
1
1
4
1
2
1
16
11
15
15
1
1
52
10
6
3
1
3
65
1
1
6
40
2
1
122
43
1
14
1
3
327
1
1
1
22
24
4
2
12
1
4
1
29
1
1
1
1119
1
339
2
186
421
1
1
130
21
14
1
1
5
249
2
3
25
7
1
12
2
1
41
1
2
9
95
11
1
11
2
1
1
13
10
3
1
1
10
1
39
4
3
154
8
1
40
20
18
6
2
1
8
2
1
1
1
1
1
1
1
4
1
4
333
1
2
2
45
2
2
1
1
1
1
1
1
8
5
1
1
1378
2
37898
1
2
14
17
1
576
1
1
14
4
1
9
2
6
5
2
1
1
118
1
1
1
1
1
1110
2
19
56
1
58
24
1
2
27
27
1
11
3913
1
4
2
1
1
1
1
1
5
2
2673
76
1
167
9
3
1
1
37
1
21
3
97
1
36
7
1
2
2
1
1
4865
1
57
8
1
157
1
1
2
12
1
1
3
5
1
9
26
153
7
1
2
1
6
1
1
16
1
8
3
11
1
1
1
1
35
36
1
1
1
15
21
1
1
1
5
5
37
180
1
1
1
342
12
2
1
13
1
1
4
34
120
1
2
1
24
91
5
9
679
2
93
1
9
1
210
3
1
1
2
1
10
23
13
28
1
1
21
13
21
5
12
6
2
579
1
258
2
3
1
1
1
4
21
2
4
44
2
1
1
884
85
1
64
1
3
1
1
3
1
31444
5
1
2103
1
3
3
1
2
1
5
3
2
22
1
1
1
1
2
1
1
1
1
5
2
1
9
1
1
3
1
48
2
168
646
1
1
1
778
1
11081
1
12
1
1
15
9
5
4
1
2
2
4
3
10
1
107
65
1
661
1
2
199
1
12
13
3
6
3
15
1
1
1
53
1
33
1
6
1
1
13
5
10
2
1
1
107
15
1
12
1
3
2
1
21
282
1
57
1
135
150
1
25
1
11
1
24
55
1
1
1
146755
3
1
5
543
1
1
1
5
9
1
1
8
1
2
1
2
1
4
1
1
170
5
23
74
8
15
3
91
271
1
1
1
1
1
1032
9
72
5
1
4
7
11
167
6
1
6
375
1
5
1
1
7
1
2
6
1
10
432
2
1
6
8
117
5238
21
1
10
2
2
2
1
6
12
1
1
21
1545
12
2
1
1
4
1
1
4
2
251
1
10
5
28
1
1
1
10
6
1
14
1
2
1
18
17
2
2
57
1
1
98
1
1
4
1
2
7
2
1
51
1
5
1
1
1
2
4
1
559
2
1
6
1
3
371
5
26
4
2
1
67
1
115
4
5
5
2
1
1
2
1
3269
4
711
62
4
30
2
2
1
10
3
2
21
141
7
28
2
10
2
1
13
3
886
2
1
1
3
1
1
163
1
1
3
1
2
1
1
14
2
3
1
1
1
31
1
11
19
1
4
1
31
1
1
20242
2765
1
1
2
2
3
9
48
2
1
1
1
11
1
1
1
1
359
4
206
1
6
7
9
1
5
2
3
3
3
438
1
12
6
7
14
21
11
2
2890
13
14
1
22
12
47
1
4
1
3
1
1
1
3
4
1
13
3
2
1
1
1
25
1
1
19
22
32
1
18
2
6
17
1
4
1
1
1
2
1
1
1
1
13
5
16
2
7
3
2
3
91
7
40
1
1
6
1
1
2
3
1
14
1
2
1
11
1
1
5
1
1351
2
1
1
51
1
1359
1
1
697
2
1
1
1
3
1
2
1
1
3
1
12
5
8
1
2
1
4
3
2
19
4
2
1
1
1
3
5
1
44
11
3
1
6
2
85
9
1
2
1
1
6
3
4
1
1
1
37
1
1
26
1
2
1
8
1
2
3
21
3
1
1
60
1
1
1
18
2
1
147
182
1
1
1
3
3
4
96
5
36
1
1
1
102
2
1
6
1
1
1
3
1
1
1
4
2
2
5
1
6
1
1
1
23
211
3
1
996
12
1
50
1
10
1
1
1
10
3
2
105
3
1
1
1
25
8
2542
254
1
4
4
1
1
4
88
138
1
55
3
1
4
2
68
7
1
1
23
1420
3
1
8
10
1
1226
3
2
105
1
1
1
206
3
1
90
6
5119
1
8
16
1
1
40
2
1
1
49
3
2
1
1
10
19
2
5
2
2
1
193
11
1
3
2
653
3
2
10
1
1
3
7
1
1
19
10
1
85
1
4
5
3
48
3
1
2
25
12
1
20
7392
7
2
9
33
1
30
139
1
1
1
98
2
2
1
12
1
2207
1
1
2
2
2
1
57
1
96
1
2
16
4
13
2
42
1
1
37
1
1
1
1
1
8
158
1
1
1
3
1
1
21
7
1
1
6
22
1
1
1
1
5
1
1
1
129
1
4
4
2
1
1
347
7
4
300
1
6
5
1
147
1
2
6
12
1
6
28
1
1
1
1
1
1
1
1
1
1
28
11
976
2
3
1
10
1
2
1
3
1
1
1
2
6
4
1
1
3
1
4
3
5
5699
1
15
12
1
2
20
8
12
180
54
2
1
3
1
1
586
1
530
1
185
1
16
2
3
1
11
1
1
57
1
1
7
9
1
3
9
2
4
1
1
1
1
1
8
1
85
4
2
3
9
1
1
6
3
6
2
52
17
139
51
793
9
1
1
2
1
2
904
13
1
4
4
8
2
1
4
20
1
1
18
150
1
5
25
562
3
3
2
1
2
6381
1
1
3312
109
1
7
1
1
25
70
30
1
1
1
3
2
1
1
58
12
20
33
15
1
1
184
93
6
2
60
1
47
1
2
5
1
3
366
4
6
4
1
1
1
9
1
1
2
3
59
2876
33
1
27
6
2
2
1
1
9
3
942
3
1
1
2
1
1
1
6
1
3
1
1
2
2
9
1
3
1
1
51
1
1
2142
12
1
6
10
1
6
4
1
2
2
1
55
1
19
1
1
1
